MeshAnim
1
60
53
30
0.1516511 -0.9883325 0.01418428 0
0.6609315 0.09072292 -0.7449423 0
0.7349637 0.1223461 0.6669782 0
-0.06403115 0.7167211 0.05792573 1

-0.1761247 -0.9773777 -0.1171037 0
0.7066947 -0.04273148 -0.7062271 0
0.6852464 -0.2071406 0.6982338 0
-0.0912463 0.8940863 0.05538022 1

0.1616416 0.968067 -0.191621 0
0.7261649 -0.2481532 -0.6411111 0
-0.6682094 -0.03551928 -0.74311 0
-0.120218 0.7741585 0.1166167 1

-0.6574879 0.7473657 -0.09567718 0
0.6194344 0.4638696 -0.6332811 0
-0.4289232 -0.4756543 -0.7679552 0
-0.02022414 0.7878842 0.003912625 1

-0.1393682 -0.9901323 -0.01465796 0
0.7129089 -0.09005168 -0.6954507 0
0.6872681 -0.1073735 0.7184244 0
-0.06482231 1.040722 0.07294927 1

0.5544665 0.4598972 0.6935716 0
0.8118924 -0.1160578 -0.5720858 0
-0.1826053 0.8803524 -0.4377566 0
-0.1956478 0.3224117 0.2060363 1

-0.3849361 0.8799606 0.2783681 0
0.7505081 0.4739657 -0.4604515 0
-0.5371464 0.03167592 -0.8428817 0
0.2865915 0.4391274 0.04856018 1

-0.3581321 -0.9257165 -0.1216171 0
0.7113403 -0.1861566 -0.677747 0
0.6047614 -0.3292341 0.7251679 0
-0.0450167 1.18143 0.07503229 1

-0.2799146 0.8038624 -0.5248293 0
0.8257574 -0.07718641 -0.5586495 0
-0.489612 -0.5897818 -0.6421989 0
-0.4019809 0.1512704 -0.05206222 1

-0.4307423 0.5610273 -0.7068864 0
0.8822502 0.09693386 -0.4606243 0
-0.1898948 -0.8220885 -0.536741 0
0.4298376 0.1116682 -0.05502884 1

-0.2961425 -0.9135888 -0.2786677 0
0.8862067 -0.1539855 -0.4369511 0
0.3562826 -0.376357 0.8552299 0
0.02938418 1.373745 0.1002979 1

0.5540592 0.04399931 -0.8313138 0
-0.8204045 0.1983108 -0.536292 0
0.141262 0.9791513 0.1459733 0
0.02938418 1.373745 0.1002979 1

-0.5656722 0.2692858 0.7794231 0
0.6958542 -0.3513056 0.6263954 0
0.4424948 0.8966994 0.01134012 0
0.02938418 1.373745 0.1002979 1

-0.530729 0.10189 -0.8413813 0
-0.8470088 -0.02962983 0.5306834 0
0.0291582 0.994352 0.1020155 0
-0.3547836 0.01572883 0.03643075 1

-0.4629293 0.09246554 -0.8815455 0
-0.884056 0.02376185 0.4667162 0
0.06407717 0.9954209 0.07076228 0
0.5024663 0.01707181 0.06416129 1

-0.09969976 -0.987572 -0.1214979 0
0.9833015 -0.07910564 -0.1638921 0
0.1522438 -0.135809 0.9789675 0
0.04948093 1.435742 0.1192088 1

0.5141157 0.5149193 -0.6859614 0
-0.03566111 0.8118901 0.5827206 0
0.856979 -0.2751238 0.4357678 0
-0.07468066 1.298702 0.2343419 1

-0.1946884 0.7532139 0.6283037 0
-0.7836032 -0.5047189 0.3622496 0
0.589968 -0.4218151 0.6884836 0
0.09751122 1.265308 -0.03397428 1

-0.1296574 0.3274189 -0.9359412 0
0.9833015 -0.07910606 -0.163892 0
-0.1276998 -0.9415621 -0.3116949 0
0.04948093 1.435742 0.1192088 1

-0.8948362 0.2623591 -0.3611585 0
-0.0862444 0.6922048 0.7165294 0
0.4379836 0.6723244 -0.5967829 0
-0.1988753 1.174313 0.4000492 1

-0.5887789 0.797348 -0.1325746 0
-0.752099 -0.4803381 0.4512456 0
0.296119 0.3653931 0.8824971 0
0.144542 1.083354 -0.1857536 1

-0.9663239 -0.142246 -0.2144396 0
-0.001907874 0.837266 -0.5467929 0
0.2573219 -0.5279701 -0.8093411 0
0.04088248 1.104018 0.4968163 1

-0.6357715 0.7718173 0.009649268 0
-0.43862 -0.3509629 -0.8273072 0
-0.6351434 -0.530211 0.5616667 0
0.3022968 0.8697162 -0.1502322 1

-0.3474264 0.4920372 0.7982447 0
-0.03971498 0.8427882 -0.5367786 0
-0.9368659 -0.2181933 -0.2732656 0
0.1733334 1.147832 0.4983847 1

-0.5234743 -0.5496379 0.6510552 0
-0.3494627 -0.5583848 -0.7523846 0
0.7770782 -0.6213738 0.1002221 0
0.07859022 1.123553 0.4849053 1

-0.3887754 0.5428566 0.7444195 0
0.08941317 0.8263984 -0.5559415 0
-0.9169835 -0.1495756 -0.369822 0
0.1698646 1.125799 0.520232 1

-0.327278 0.5419319 0.7740796 0
0.2174507 0.8404022 -0.4964265 0
-0.9195673 0.005854653 -0.3928886 0
0.1613728 1.103196 0.5371234 1

-0.2848252 0.4785713 0.8305685 0
0.3067082 0.8664071 -0.3940421 0
-0.9081875 0.1425091 -0.3935563 0
0.1482419 1.081066 0.550184 1

-0.7594 0.6251123 -0.1804065 0
-0.3756189 -0.6476324 -0.6629351 0
-0.5312459 -0.4356691 0.7266161 0
0.3973008 0.7732129 -0.116663 1

-0.4041904 0.253848 -0.8787444 0
0.908986 0.004490109 -0.4168034 0
-0.101859 -0.9672341 -0.2325585 0
0.3298705 0.8446329 -0.1266545 1

-0.7794331 0.6124763 -0.1317438 0
-0.3305523 -0.5806926 -0.7439966 0
-0.5321832 -0.5363478 0.655067 0
0.387236 0.7676187 -0.145684 1

-0.7082051 0.7021061 -0.07411525 0
-0.4221917 -0.5053058 -0.7526086 0
-0.5658618 -0.5017107 0.6542835 0
0.3724249 0.7658404 -0.1710957 1

-0.6174132 0.7866248 -0.004772203 0
-0.551748 -0.4373693 -0.7101279 0
-0.5606916 -0.4358096 0.7040564 0
0.3543275 0.7681022 -0.1934588 1

0.7901759 0.311783 0.5276485 0
0.05440683 0.8218499 -0.5671005 0
-0.6104602 0.4768172 0.6324428 0
0.1875012 1.127767 0.4658324 1

-0.9783882 0.1845386 0.09328186 0
-0.07433375 0.107072 -0.9914685 0
-0.1929521 -0.976976 -0.09104062 0
0.1072565 1.153652 0.4492522 1

0.7586131 0.2970047 0.5799087 0
0.1025804 0.8245106 -0.5564705 0
-0.6434151 0.4816336 0.5950177 0
0.186449 1.102641 0.4884766 1

0.7860362 0.179503 0.5915455 0
0.2206361 0.8124263 -0.5397063 0
-0.577466 0.5547454 0.5989916 0
0.1744893 1.081477 0.5061002 1

0.8100542 0.1127281 0.575417 0
0.2773518 0.7909574 -0.5454012 0
-0.5166122 0.6013978 0.6094528 0
0.1571738 1.066059 0.5241378 1

-0.593792 0.7244766 -0.3500642 0
-0.4577963 -0.6619794 -0.5934696 0
-0.6616901 -0.1921398 0.7247405 0
0.428269 0.7477208 -0.1093061 1

-0.3916921 0.5180372 -0.7604048 0
0.563698 -0.5180706 -0.6433101 0
-0.7272017 -0.6806178 -0.08909179 0
0.3520046 0.8307317 -0.07853275 1

-0.6185259 0.729368 -0.2923157 0
-0.3413903 -0.5845109 -0.7360701 0
-0.7077277 -0.3554848 0.6105345 0
0.4204851 0.7414915 -0.1400639 1

-0.536003 0.8131168 -0.2270303 0
-0.444122 -0.5002939 -0.7432774 0
-0.7179531 -0.2975697 0.6292821 0
0.4008081 0.7377016 -0.1681254 1

-0.4358245 0.8871902 -0.1514955 0
-0.5939257 -0.4099653 -0.6922286 0
-0.6762465 -0.2117132 0.7055981 0
0.3736891 0.7434341 -0.193309 1

0.8502705 -0.3847472 -0.3591797 0
0.07434011 0.7633448 -0.6416996 0
0.5210698 0.5189171 0.6776515 0
0.1594325 1.116692 0.4470892 1

-0.3095168 0.7084866 -0.6342287 0
0.59315 -0.3774601 -0.7111235 0
-0.7432174 -0.5962979 -0.3034086 0
0.151336 1.145339 0.4450496 1

0.8692392 -0.3663444 -0.3319855 0
0.1258885 0.8133808 -0.5679467 0
0.4780948 0.451889 0.753141 0
0.1582604 1.091605 0.4669282 1

0.8229129 -0.4467246 -0.3510729 0
0.2011696 0.8069638 -0.5552837 0
0.5313618 0.3863254 0.7539281 0
0.1470483 1.075211 0.4854489 1

0.8093814 -0.4304252 -0.399544 0
0.1510321 0.8099992 -0.5666489 0
0.5675304 0.3982913 0.7206063 0
0.1350459 1.062979 0.5084195 1

-0.4571997 0.7458459 -0.4844405 0
-0.5188577 -0.6660886 -0.5358294 0
-0.7223262 0.006374334 0.6915233 0
0.4493618 0.7219856 -0.0968708 1

-0.3820657 0.8242092 -0.4179775 0
0.4085855 -0.2550267 -0.8763674 0
-0.8289053 -0.5056092 -0.2393225 0
0.3696517 0.8073924 -0.04427424 1

-0.4769131 0.7741461 -0.4162354 0
-0.3386919 -0.598849 -0.7257185 0
-0.8110743 -0.2051296 0.5477962 0
0.4434683 0.7143894 -0.1292018 1

-0.3912144 0.8525202 -0.3466426 0
-0.4457678 -0.5050652 -0.7390534 0
-0.8051349 -0.1346061 0.5776147 0
0.4195206 0.7093151 -0.1601997 1

-0.3044171 0.9165851 -0.2592338 0
-0.5974909 -0.3956947 -0.6974456 0
-0.7418455 -0.05742473 0.6681075 0
0.3855943 0.7191989 -0.1891706 1

0.1648708 -0.9863152 0.0002814352 0
0.6633748 0.1106775 -0.740057 0
0.7298983 0.1222005 0.672544 0
-0.09653588 0.6923926 0.0552159 1

-0.1816978 -0.9744581 -0.131976 0
0.7107914 -0.03740369 -0.7024075 0
0.6795303 -0.2214333 0.6994326 0
-0.1261234 0.8693959 0.05516538 1

0.1284522 0.9720661 -0.1964373 0
0.7108054 -0.2283588 -0.6652268 0
-0.6915229 -0.05418036 -0.720304 0
-0.1537844 0.7481899 0.1144606 1

-0.7058778 0.6965721 -0.1285444 0
0.5921307 0.4806992 -0.6467057 0
-0.3886975 -0.5326259 -0.7517987 0
-0.05342084 0.7649345 0.002495605 1

-0.1522478 -0.9879041 -0.02943194 0
0.7159838 -0.08971564 -0.6923282 0
0.6813132 -0.1264783 0.7209823 0
-0.0988633 1.015594 0.07496572 1

0.6038139 0.3848188 0.6980702 0
0.7780582 -0.09429008 -0.6210116 0
-0.1731541 0.9181609 -0.3563633 0
-0.2137264 0.294577 0.2061277 1

-0.3799754 0.8716704 0.3095198 0
0.7194831 0.488797 -0.4932978 0
-0.5813178 0.03525715 -0.8129009 0
0.2759757 0.4398804 0.06248061 1

-0.3817631 -0.9140809 -0.1367962 0
0.7100115 -0.1952825 -0.6765708 0
0.5917265 -0.3554167 0.7235595 0
-0.07722737 1.155985 0.07914829 1

-0.3168176 0.8021786 -0.5060916 0
0.7857258 -0.07686345 -0.6137168 0
-0.5312343 -0.5921125 -0.60595 0
-0.4384231 0.1513746 -0.05364501 1

-0.4627626 0.5840069 -0.6669092 0
0.8547993 0.09467092 -0.5101883 0
-0.2348121 -0.8061936 -0.5430405 0
0.417376 0.1155063 -0.05270091 1

-0.3416846 -0.8982494 -0.2764049 0
0.8656023 -0.1862368 -0.4648104 0
0.3660387 -0.3980752 0.8411607 0
0.002082794 1.345882 0.1075673 1

0.5383565 0.05107575 -0.841168 0
-0.8278469 0.2187392 -0.5165488 0
0.1576133 0.9744459 0.1600424 0
0.002082794 1.345882 0.1075673 1

-0.5521792 0.2667691 0.789894 0
0.6894749 -0.3865592 0.6125326 0
0.4687454 0.8828401 0.02951929 0
0.002082794 1.345882 0.1075673 1

-0.5872929 0.09904116 -0.8032779 0
-0.8086256 -0.03005381 0.5874919 0
0.03405951 0.9946274 0.09772625 0
-0.3850034 0.01611679 0.03168856 1

-0.5144905 0.09262677 -0.8524659 0
-0.8546528 0.0252643 0.518531 0
0.06954223 0.9953679 0.06618395 0
0.4954036 0.01703515 0.05974856 1

-0.1671619 -0.9791047 -0.1158052 0
0.9643254 -0.1379134 -0.2259562 0
0.2052637 -0.1494452 0.9672292 0
0.02527008 1.406839 0.1263246 1

0.4893211 0.5064992 -0.709946 0
-0.04437618 0.8274677 0.5597569 0
0.8709738 -0.2423963 0.4273737 0
-0.1003865 1.269914 0.2423172 1

-0.1655468 0.7220419 0.6717513 0
-0.7798213 -0.5128144 0.3590263 0
0.6037156 -0.4644104 0.6479583 0
0.06607375 1.238781 -0.02977666 1

-0.168371 0.3391227 -0.9255518 0
0.9643254 -0.1379138 -0.2259563 0
-0.2042732 -0.9305779 -0.303804 0
0.02527008 1.406839 0.1263246 1

-0.9168677 0.1842355 -0.3541337 0
-0.122957 0.7136598 0.6896166 0
0.3797829 0.6758307 -0.6316785 0
-0.2185916 1.147559 0.4138185 1

-0.5844805 0.810539 -0.03753239 0
-0.733486 -0.5080069 0.451583 0
0.3469587 0.2914711 0.8914391 0
0.1060648 1.064358 -0.1920516 1

-0.969759 -0.1275106 -0.2081067 0
0.009014334 0.8333782 -0.5526301 0
0.2438979 -0.537794 -0.8070261 0
0.02706915 1.098196 0.5087034 1

-0.6363986 0.7698331 0.0485129 0
-0.4493301 -0.3188586 -0.8345245 0
-0.626976 -0.552889 0.5488306 0
0.262668 0.8471853 -0.1819954 1

-0.3284621 0.5039232 0.7988579 0
-0.02974935 0.8398456 -0.5420101 0
-0.9440485 -0.2017955 -0.2608655 0
0.1602408 1.139794 0.5092343 1

-0.5268987 -0.5367416 0.6590042 0
-0.3635688 -0.5585089 -0.7455772 0
0.7682417 -0.6324374 0.09913509 0
0.06503064 1.117014 0.4964481 1

-0.3694999 0.5544106 0.7457202 0
0.09905498 0.8214417 -0.5616245 0
-0.9239359 -0.1336529 -0.3584394 0
0.1565273 1.117973 0.5312545 1

-0.3080288 0.5513889 0.775299 0
0.2275885 0.8339687 -0.5026926 0
-0.923754 0.02160543 -0.3823758 0
0.1477539 1.095634 0.5483505 1

-0.2668743 0.4866228 0.8318512 0
0.3177301 0.8593251 -0.4007603 0
-0.9098493 0.1573516 -0.3839462 0
0.1343285 1.073818 0.5616381 1

-0.7657924 0.6261562 -0.1465935 0
-0.3809416 -0.6253398 -0.6810533 0
-0.5181167 -0.4657024 0.7174096 0
0.3582163 0.7495875 -0.1535231 1

-0.434356 0.3162073 -0.8434142 0
0.8927305 0.02652259 -0.4498102 0
-0.1198639 -0.9483195 -0.2938079 0
0.2905824 0.8212382 -0.1597939 1

-0.7851213 0.6114506 -0.09855182 0
-0.3368428 -0.5550964 -0.7605293 0
-0.5197319 -0.5639115 0.6417809 0
0.3477682 0.7451226 -0.1826042 1

-0.7138624 0.6992382 -0.0382884 0
-0.4289008 -0.4797829 -0.7654097 0
-0.553574 -0.5299758 0.6424028 0
0.3326188 0.7443213 -0.2078658 1

-0.6228338 0.7816349 0.03353664 0
-0.5582734 -0.4140038 -0.7189792 0
-0.5480952 -0.4665276 0.6942217 0
0.3142199 0.7474321 -0.229878 1

0.8046835 0.2979438 0.5135309 0
0.06346139 0.8168415 -0.5733615 0
-0.5903027 0.493964 0.6383903 0
0.1736353 1.119244 0.4766571 1

-0.9742951 0.2043164 0.09488729 0
-0.07566212 0.09995005 -0.9921111 0
-0.2121887 -0.9737894 -0.08192163 0
0.09388448 1.146407 0.4603597 1

0.7735339 0.2832097 0.5669543 0
0.112169 0.8192916 -0.5622986 0
-0.6237493 0.4985519 0.6019824 0
0.1722894 1.094323 0.4994435 1

0.7984375 0.1648754 0.5790625 0
0.2295955 0.8057194 -0.5459875 0
-0.556582 0.5688874 0.6054617 0
0.1600989 1.073536 0.5172784 1

0.8210834 0.09776793 0.5623731 0
0.2846975 0.7837878 -0.551928 0
-0.4947419 0.6132852 0.6157205 0
0.1426973 1.058558 0.5355517 1

-0.6050677 0.7321361 -0.3128404 0
-0.4619688 -0.6428656 -0.6109897 0
-0.6484424 -0.2251681 0.7272016 0
0.3894453 0.7240528 -0.1475451 1

-0.4158596 0.5567825 -0.7190645 0
0.5400968 -0.4849335 -0.6878479 0
-0.7316803 -0.674413 -0.09905185 0
0.3143686 0.803922 -0.1136068 1

-0.6290897 0.7342643 -0.2551501 0
-0.3475433 -0.5592851 -0.7526042 0
-0.6953124 -0.3847804 0.6070295 0
0.3812601 0.7190391 -0.1784002 1

-0.5464903 0.8161923 -0.1875607 0
-0.4506692 -0.4753835 -0.7555839 0
-0.705865 -0.3283917 0.627625 0
0.3612288 0.7162975 -0.2063313 1

-0.4461674 0.8881807 -0.1098614 0
-0.6001935 -0.3880157 -0.6994365 0
-0.6638539 -0.2461279 0.7062002 0
0.3337517 0.7229204 -0.2309298 1

0.8339179 -0.4074462 -0.3722482 0
0.08086514 0.7574285 -0.6478913 0
0.5459319 0.5101865 0.6645808 0
0.1450513 1.10866 0.4584154 1

-0.2927972 0.7093576 -0.6411565 0
0.5842091 -0.398113 -0.7072518 0
-0.7569474 -0.5816511 -0.2978464 0
0.1377795 1.137202 0.4560848 1

0.8538533 -0.3888114 -0.3460639 0
0.1350351 0.8075526 -0.5741294 0
0.5026925 0.4434917 0.7420342 0
0.1435464 1.0838 0.4783765 1

0.8056504 -0.4667221 -0.3648264 0
0.2096607 0.8006414 -0.561263 0
0.5540488 0.375692 0.7428899 0
0.132225 1.06778 0.4970628 1

0.7912631 -0.4492277 -0.4148462 0
0.1579507 0.8055683 -0.571062 0
0.5907236 0.3863351 0.7083716 0
0.1202682 1.055887 0.5201896 1

-0.4727929 0.7596495 -0.4465415 0
-0.5219947 -0.6497221 -0.5526147 0
-0.7099214 -0.02818051 0.7037169 0
0.4109386 0.6980455 -0.1364321 1

-0.3984396 0.836413 -0.3763762 0
0.3821753 -0.2216367 -0.8971173 0
-0.8337792 -0.501289 -0.231347 0
0.3331044 0.778837 -0.08121076 1

-0.4919562 0.7843565 -0.3778404 0
-0.3445321 -0.5739549 -0.7428813 0
-0.7995474 -0.2352874 0.5525971 0
0.4046357 0.6917551 -0.1689191 1

-0.4060644 0.8610571 -0.3060929 0
-0.4521452 -0.4803841 -0.7515289 0
-0.7941512 -0.1667705 0.5843894 0
0.3803073 0.6878036 -0.1997834 1

-0.3190043 0.9227043 -0.2164538 0
-0.6038224 -0.3739035 -0.7039844 0
-0.7305027 -0.09387469 0.6764268 0
0.3459395 0.6986582 -0.2279286 1

0.1362045 -0.9906808 -0.0003635408 0
0.6693037 0.09229025 -0.7372348 0
0.7303978 0.1001713 0.6756365 0
-0.1298717 0.6685049 0.05445253 1

-0.195557 -0.9711015 -0.1368203 0
0.7147521 -0.0456074 -0.6978894 0
0.6714812 -0.2342698 0.7030155 0
-0.1543149 0.8462915 0.05451776 1

0.09512886 0.9785033 -0.1829801 0
0.683692 -0.1978148 -0.7023913 0
-0.7235094 -0.05828601 -0.6878328 0
-0.1857186 0.7258669 0.1135404 1

-0.7569584 0.631318 -0.1686769 0
0.5612787 0.4959749 -0.6624907 0
-0.3345927 -0.5961701 -0.7297991 0
-0.08445806 0.7398298 0.002002386 1

-0.1624321 -0.9861072 -0.03476848 0
0.7203819 -0.09443503 -0.6871186 0
0.674289 -0.1366567 0.7257128 0
-0.1249754 0.9919858 0.07504488 1

0.6572121 0.3164828 0.6840242 0
0.7352036 -0.06951535 -0.6742134 0
-0.1658253 0.9460459 -0.278382 0
-0.2301103 0.2692502 0.1989277 1

-0.3840122 0.8580951 0.3408794 0
0.6845472 0.5123208 -0.5185012 0
-0.619598 0.03424169 -0.784162 0
0.2687753 0.4452264 0.08071511 1

-0.3816338 -0.9128783 -0.1449458 0
0.7169379 -0.1933727 -0.6697814 0
0.5834001 -0.3595284 0.7282744 0
-0.1018922 1.132121 0.07998583 1

-0.3561341 0.8005238 -0.4819986 0
0.7359784 -0.07748622 -0.6724969 0
-0.5757208 -0.5942675 -0.5615822 0
-0.4746781 0.1514775 -0.05561794 1

-0.4836362 0.6457248 -0.5908628 0
0.8169093 0.09064756 -0.5695427 0
-0.3142085 -0.7581524 -0.5713622 0
0.4116775 0.1259041 -0.04613626 1

-0.3673137 -0.8877091 -0.2775849 0
0.8606572 -0.2112486 -0.463296 0
0.3526325 -0.4090805 0.8416076 0
-0.02260893 1.321769 0.1100979 1

0.5410787 0.05696853 -0.8390405 0
-0.826615 0.2195964 -0.5181556 0
0.1547317 0.9739265 0.1659097 0
-0.02260893 1.321769 0.1100979 1

-0.552803 0.2596108 0.7918403 0
0.6869671 -0.3958883 0.6093836 0
0.4716828 0.8808377 0.04050422 0
-0.02260893 1.321769 0.1100979 1

-0.647831 0.09631906 -0.7556551 0
-0.7606922 -0.02952394 0.6483823 0
0.0401545 0.9949109 0.09238505 0
-0.4146292 0.01649885 0.02565319 1

-0.5793117 0.09262361 -0.8098156 0
-0.811567 0.02674398 0.5835987 0
0.07568897 0.9953281 0.05969638 0
0.4932247 0.01702651 0.05349078 1

-0.2241424 -0.9674075 -0.1178254 0
0.9539304 -0.1930468 -0.2296733 0
0.1994417 -0.1638768 0.9661092 0
0.00231761 1.38201 0.1289352 1

0.5412738 0.518994 -0.661565 0
-0.08201993 0.8156213 0.5727434 0
0.8368366 -0.2557497 0.4840419 0
-0.1253516 1.24482 0.2440808 1

-0.1130407 0.6990476 0.7060836 0
-0.7766859 -0.5053651 0.3759854 0
0.6196617 -0.5059037 0.6000673 0
0.04128454 1.216027 -0.02833966 1

-0.1514541 0.3509717 -0.9240563 0
0.9539303 -0.1930472 -0.2296733 0
-0.2589952 -0.9162704 -0.3055647 0
0.00231761 1.38201 0.1289352 1

-0.8989719 0.1457136 -0.4130584 0
-0.187467 0.7243013 0.6635088 0
0.3958609 0.6739107 -0.6238099 0
-0.2561069 1.119446 0.4038947 1

-0.5776245 0.8158855 0.02609414 0
-0.716723 -0.5222023 0.4621824 0
0.3907142 0.2482657 0.8864006 0
0.06859167 1.047158 -0.1989084 1

-0.9775889 -0.0829239 -0.1935045 0
0.0423737 0.8228402 -0.5666915 0
0.2062155 -0.5621907 -0.8008848 0
-0.01524095 1.080405 0.5145674 1

-0.6346133 0.768732 0.07948234 0
-0.45901 -0.2921789 -0.8390119 0
-0.621752 -0.5689316 0.5382764 0
0.2233579 0.8285528 -0.2058999 1

-0.2750902 0.5332873 0.7999563 0
0.001122701 0.8322365 -0.5544203 0
-0.961418 -0.1516173 -0.2295386 0
0.1198063 1.115392 0.5126928 1

-0.5380047 -0.5008664 0.6780001 0
-0.4023313 -0.5542169 -0.728679 0
0.7407299 -0.6648137 0.09665716 0
0.02342793 1.097127 0.5015118 1

-0.3150262 0.5831373 0.7488053 0
0.128862 0.8079526 -0.574985 0
-0.9402941 -0.08464281 -0.3296701 0
0.1153264 1.094141 0.5351239 1

-0.2540163 0.5740865 0.7783959 0
0.2585504 0.8158101 -0.5173064 0
-0.9320018 0.06985061 -0.3556592 0
0.105701 1.072542 0.5527054 1

-0.2170076 0.5053571 0.8351777 0
0.3509179 0.8387585 -0.4163432 0
-0.9109141 0.2027294 -0.3593557 0
0.09140337 1.051633 0.5665301 1

-0.7750162 0.6201389 -0.121562 0
-0.3819059 -0.6128854 -0.6917509 0
-0.5034854 -0.4896934 0.7118309 0
0.3190609 0.7299988 -0.1815375 1

-0.4941781 0.4222938 -0.759905 0
0.8514959 0.05882364 -0.5210521 0
-0.1753365 -0.9045486 -0.3886502 0
0.2514749 0.801893 -0.1848269 1

-0.7937471 0.6036429 -0.07470426 0
-0.3380912 -0.5399573 -0.770805 0
-0.5056282 -0.5865676 0.6326761 0
0.3082857 0.7264541 -0.2106258 1

-0.7233415 0.6903829 -0.01220041 0
-0.4306824 -0.4649134 -0.7735423 0
-0.5397125 -0.5542809 0.6336269 0
0.2928573 0.7264579 -0.2357306 1

-0.6329291 0.7716997 0.06229337 0
-0.5602756 -0.4010202 -0.7247576 0
-0.5343144 -0.4936219 0.686182 0
0.2742216 0.7302749 -0.2574306 1

0.8417183 0.2532888 0.4768183 0
0.0915264 0.8034124 -0.588347 0
-0.5321032 0.5388639 0.6530636 0
0.1310243 1.093644 0.4800708 1

-0.9604594 0.2610656 0.09676079 0
-0.07755467 0.08291786 -0.9935341 0
-0.2674007 -0.9617537 -0.05939219 0
0.05288981 1.124555 0.4643829 1

0.811561 0.2386548 0.533303 0
0.1417868 0.8050419 -0.5760246 0
-0.5668025 0.5430948 0.6195022 0
0.1287649 1.069266 0.5031813 1

0.8290243 0.1183226 0.5465512 0
0.2572823 0.7870721 -0.5606458 0
-0.4965124 0.6054073 0.6220591 0
0.1158813 1.049534 0.5215092 1

0.8476351 0.05048397 0.5281726 0
0.3078398 0.763989 -0.5670592 0
-0.4321455 0.6432518 0.6320422 0
0.09820849 1.035785 0.5403393 1

-0.6222758 0.7302157 -0.2820596 0
-0.4616699 -0.6333336 -0.6210877 0
-0.6321657 -0.2562696 0.7312267 0
0.3506661 0.7047095 -0.1765801 1

-0.4633782 0.6064645 -0.6461281 0
0.4823293 -0.4390589 -0.7580144 0
-0.7433971 -0.6628941 -0.08906473 0
0.2785369 0.7787673 -0.1432129 1

-0.6458166 0.7294371 -0.2254818 0
-0.3486423 -0.5444927 -0.7628734 0
-0.6792415 -0.4140642 0.6059552 0
0.3421453 0.7007036 -0.2074389 1

-0.5641685 0.8108271 -0.1558 0
-0.4522229 -0.4613274 -0.7633288 0
-0.6908026 -0.3601898 0.6269409 0
0.3218471 0.698789 -0.2352418 1

-0.464893 0.882162 -0.07526547 0
-0.601796 -0.3772035 -0.7039595 0
-0.6493965 -0.2819715 0.706241 0
0.2940699 0.7060748 -0.259384 1

0.7841206 -0.4697699 -0.4055514 0
0.1018279 0.7420038 -0.6626175 0
0.6121982 0.4782756 0.6296555 0
0.1011247 1.084647 0.4631331 1

-0.2430448 0.7112714 -0.6595627 0
0.5574546 -0.4540366 -0.6950504 0
-0.7938349 -0.5366049 -0.2861499 0
0.09616163 1.112794 0.4600237 1

0.8066975 -0.4507045 -0.3822361 0
0.1633127 0.7916328 -0.5887675 0
0.5679508 0.4125333 0.7122134 0
0.09860875 1.060398 0.4833647 1

0.753575 -0.5212761 -0.4004956 0
0.2361484 0.7832465 -0.5751168 0
0.6134811 0.3388169 0.7133327 0
0.08693954 1.045403 0.5024287 1

0.7369883 -0.5000989 -0.4546974 0
0.1805619 0.7939453 -0.5805592 0
0.6513419 0.3457643 0.6754265 0
0.07505405 1.034406 0.5259115 1

-0.4977537 0.7631434 -0.4121326 0
-0.5203906 -0.6429253 -0.5619975 0
-0.6938549 -0.06526674 0.717151 0
0.3727706 0.6787705 -0.1665606 1

-0.4338446 0.8386887 -0.3292122 0
0.32513 -0.1950386 -0.9253381 0
-0.8402794 -0.5084898 -0.1880658 0
0.2994136 0.7514441 -0.114103 1

-0.5169897 0.7835249 -0.3446881 0
-0.3451417 -0.5592999 -0.7536978 0
-0.7833253 -0.2706881 0.5595798 0
0.3661427 0.673599 -0.1990604 1

-0.4318931 0.8603238 -0.2707616 0
-0.4533795 -0.4666083 -0.7594231 0
-0.7796891 -0.2052316 0.5915778 0
0.3415429 0.6704825 -0.2298027 1

-0.3459029 0.921287 -0.1777115 0
-0.6053693 -0.3638433 -0.7079165 0
-0.7168534 -0.1372896 0.6835734 0
0.3067692 0.681977 -0.2573279 1

0.08103111 -0.9966724 0.008856832 0
0.6809729 0.04887108 -0.7306762 0
0.7278118 0.06523869 0.6826668 0
-0.1637435 0.6472161 0.05502282 1

-0.2131817 -0.9677373 -0.1343079 0
0.7214982 -0.06324242 -0.6895222 0
0.6587823 -0.2438965 0.7117027 0
-0.1782852 0.8260779 0.05343337 1

0.06945138 0.9844778 -0.1611837 0
0.6551916 -0.1668465 -0.7367532 0
-0.752232 -0.05443918 -0.6566284 0
-0.2169295 0.7080784 0.1130546 1

-0.7968995 0.5681296 -0.2053776 0
0.5365863 0.5095107 -0.6726016 0
-0.2774908 -0.6462176 -0.7109002 0
-0.1139034 0.7154723 0.0025088 1

-0.169761 -0.9849523 -0.03241479 0
0.7280459 -0.1031784 -0.6777194 0
0.6641764 -0.1386498 0.734606 0
-0.1463016 0.9712675 0.07358357 1

0.7040394 0.2610115 0.660439 0
0.6927134 -0.04772372 -0.7195768 0
-0.1562983 0.9641541 -0.2144199 0
-0.2493388 0.2486736 0.1882706 1

-0.4038676 0.8386657 0.365404 0
0.6533277 0.5439921 -0.5264567 0
-0.6403348 0.02611385 -0.7676427 0
0.2579683 0.4503557 0.09834789 1

-0.3648504 -0.9194456 -0.1466434 0
0.7303311 -0.1849279 -0.6575854 0
0.5774953 -0.3470185 0.7389705 0
-0.1221768 1.111239 0.07819003 1

-0.3894219 0.7992015 -0.4578434 0
0.6879561 -0.07809805 -0.7214823 0
-0.6123884 -0.595966 -0.5194123 0
-0.5113325 0.1515436 -0.05749837 1

-0.4797604 0.7190096 -0.5028307 0
0.7790367 0.08542383 -0.6210806 0
-0.4036167 -0.6897082 -0.6011423 0
0.4082593 0.1382635 -0.03762977 1

-0.3777876 -0.882985 -0.2785935 0
0.8639917 -0.2280231 -0.4489141 0
0.3328586 -0.4102966 0.8490358 0
-0.04638025 1.302251 0.1086547 1

0.5567521 0.06031298 -0.8284864 0
-0.8191164 0.2056896 -0.5354813 0
0.1381145 0.9767572 0.1639214 0
-0.04638025 1.302251 0.1086547 1

-0.5633545 0.2508519 0.7872137 0
0.6872676 -0.3865571 0.6150095 0
0.4585791 0.8874951 0.04536626 0
-0.04638025 1.302251 0.1086547 1

-0.6984896 0.0941587 -0.7093831 0
-0.7141519 -0.02898488 0.699335 0
0.04529783 0.9951342 0.08747991 0
-0.4456708 0.01678787 0.01969989 1

-0.6369941 0.09252688 -0.7652864 0
-0.7666205 0.02787472 0.6414505 0
0.08066083 0.9953045 0.05319662 0
0.4891531 0.01702931 0.04715394 1

-0.2682379 -0.9553701 -0.1237601 0
0.9476972 -0.2386261 -0.2119613 0
0.172969 -0.1741432 0.9694101 0
-0.02074295 1.362172 0.1275606 1

0.6365318 0.5384949 -0.5521325 0
-0.1386274 0.7841176 0.6049319 0
0.7586894 -0.3085178 0.5737658 0
-0.1506952 1.22455 0.2409787 1

-0.05165884 0.6830078 0.728582 0
-0.7703648 -0.4915121 0.4061456 0
0.6355073 -0.540293 0.551556 0
0.02023168 1.197575 -0.02931094 1

-0.1168248 0.3586694 -0.9261252 0
0.9476971 -0.2386265 -0.2119611 0
-0.2970218 -0.9024487 -0.3120324 0
-0.02074295 1.362172 0.1275606 1

-0.8426186 0.1516927 -0.5167042 0
-0.2579191 0.7286137 0.6345077 0
0.472728 0.667916 -0.574819 0
-0.304462 1.094466 0.3743571 1

-0.5720426 0.8169494 0.07322171 0
-0.6972876 -0.5313715 0.4810764 0
0.4319229 0.2241396 0.8736153 0
0.03271079 1.03258 -0.2053145 1

-0.9829574 -0.0180258 -0.1829486 0
0.09276788 0.8105397 -0.5782906 0
0.1587111 -0.5854066 -0.7950532 0
-0.07869498 1.053822 0.5128002 1

-0.6284443 0.7709629 0.1033162 0
-0.4708132 -0.2712805 -0.8394889 0
-0.6191873 -0.576215 0.5334643 0
0.1859814 0.8136907 -0.2249333 1

-0.2051699 0.5607418 0.8021682 0
0.04841558 0.8244157 -0.5639104 0
-0.9775283 -0.07686001 -0.1962939 0
0.05840737 1.079415 0.509149 1

-0.5563045 -0.4563757 0.6944399 0
-0.44951 -0.5375955 -0.7133947 0
0.6989037 -0.7090223 0.09392138 0
-0.03910942 1.067675 0.4991457 1

-0.2431951 0.610235 0.753969 0
0.1744479 0.7921484 -0.584867 0
-0.9541615 -0.01070855 -0.2991007 0
0.05271625 1.058816 0.5319111 1

-0.1838481 0.5926648 0.7841865 0
0.3049351 0.7928137 -0.5276946 0
-0.9344596 0.1421104 -0.3264815 0
0.04181714 1.03816 0.5498786 1

-0.1536723 0.518447 0.8411879 0
0.3993588 0.8112614 -0.4270456 0
-0.9038237 0.2703109 -0.3317148 0
0.02626467 1.018465 0.5641249 1

-0.7816502 0.6152405 -0.1024797 0
-0.3857609 -0.6059806 -0.695684 0
-0.4901141 -0.5042493 0.7110006 0
0.281299 0.7140225 -0.2038075 1

-0.5651296 0.5456911 -0.6187488 0
0.7798733 0.1086971 -0.6164289 0
-0.2691236 -0.8309073 -0.4869971 0
0.2141644 0.7864069 -0.2047666 1

-0.7998369 0.597526 -0.05677884 0
-0.3418866 -0.5312989 -0.7751355 0
-0.4933306 -0.6005704 0.6292387 0
0.2701585 0.7111673 -0.2328341 1

-0.7299259 0.6834897 0.007100021 0
-0.4346669 -0.4561317 -0.7765361 0
-0.5275161 -0.5699002 0.6300325 0
0.2544359 0.7118054 -0.2577476 1

-0.6397677 0.7640182 0.08350978 0
-0.5641736 -0.3930588 -0.7260941 0
-0.5219251 -0.5116459 0.6825053 0
0.2355721 0.7162039 -0.2791381 1

0.8820166 0.1810295 0.4350578 0
0.1345425 0.7880808 -0.600689 0
-0.4516031 0.5883515 0.6707439 0
0.06677408 1.056548 0.4764369 1

-0.9367275 0.3376964 0.09221267 0
-0.07338443 0.06813282 -0.9949736 0
-0.3422819 -0.9387861 -0.03904019 0
-0.008645382 1.092667 0.4611168 1

0.8527181 0.1660712 0.4952695 0
0.1870301 0.7882012 -0.5863098 0
-0.487741 0.5925874 0.6410528 0
0.06309056 1.032784 0.4997483 1

0.8595102 0.04386323 0.5092331 0
0.2994505 0.7641984 -0.5712531 0
-0.4142122 0.6434882 0.643701 0
0.04918513 1.014407 0.5184503 1

0.8725145 -0.02426566 0.4879852 0
0.3437595 0.7402303 -0.5778311 0
-0.3472 0.6719157 0.6542029 0
0.03108362 1.002206 0.5377458 1

-0.6368908 0.7265989 -0.2577295 0
-0.4642417 -0.628344 -0.6242307 0
-0.6155084 -0.2779183 0.7375039 0
0.3131747 0.688933 -0.1996284 1

-0.5259233 0.6587008 -0.538069 0
0.3888477 -0.3764289 -0.8408922 0
-0.7564411 -0.6514716 -0.05816101 0
0.2451119 0.7565237 -0.1708827 1

-0.6599417 0.7235123 -0.2025023 0
-0.3522971 -0.5360603 -0.7671546 0
-0.6635993 -0.4349366 0.60866 0
0.304278 0.6856779 -0.2304119 1

-0.57894 0.8046945 -0.1315144 0
-0.4559261 -0.4532059 -0.7659867 0
-0.6759885 -0.3834996 0.6292601 0
0.2836897 0.6844128 -0.2580322 1

-0.4804434 0.8756716 -0.04872086 0
-0.6050864 -0.3711736 -0.7043443 0
-0.6348583 -0.3089176 0.7081847 0
0.255635 0.6922446 -0.2817569 1

0.7090106 -0.5466766 -0.4454767 0
0.1354511 0.7255127 -0.6747478 0
0.6920677 0.418063 0.5884438 0
0.03544293 1.050117 0.4609826 1

-0.168349 0.7127767 -0.6808876 0
0.5199903 -0.5226026 -0.6756453 0
-0.8374181 -0.4677993 -0.2826573 0
0.03355717 1.077453 0.4569623 1

0.7350205 -0.5274224 -0.4261113 0
0.2065559 0.772743 -0.6001694 0
0.645817 0.353121 0.6769238 0
0.03140511 1.026613 0.4813449 1

0.6763781 -0.5869715 -0.4449463 0
0.2769834 0.7624487 -0.5847671 0
0.6824903 0.2722807 0.6782848 0
0.01917912 1.012876 0.5006725 1

0.6574117 -0.5596323 -0.5046002 0
0.2171982 0.7819584 -0.5842654 0
0.7215505 0.2745046 0.6356196 0
0.007249523 1.002869 0.5244158 1

-0.5205345 0.7627393 -0.3837616 0
-0.5215625 -0.6398951 -0.5643648 0
-0.6760304 -0.09361617 0.7309033 0
0.3357984 0.6631224 -0.190473 1

-0.4863225 0.8322183 -0.266278 0
0.2383506 -0.1668364 -0.9567422 0
-0.840643 -0.5287526 -0.1172227 0
0.2688065 0.7268471 -0.1466411 1

-0.5397866 0.7793534 -0.3181802 0
-0.3483475 -0.550894 -0.7583995 0
-0.766345 -0.2985372 0.5688513 0
0.3288001 0.6587933 -0.2228872 1

-0.4552159 0.856644 -0.2427759 0
-0.4567539 -0.4587262 -0.7621982 0
-0.7643 -0.236076 0.6000949 0
0.3039011 0.6563203 -0.2534411 1

-0.3700813 0.9173434 -0.1467004 0
-0.60848 -0.3586815 -0.7078838 0
-0.7019916 -0.1727106 0.6909266 0
0.2687589 0.6683242 -0.2804258 1

0.03303677 -0.999284 0.01844395 0
0.6963117 0.009774067 -0.7176729 0
0.7169788 0.03655229 0.6961361 0
-0.1936114 0.6303356 0.05522162 1

-0.2215995 -0.9662624 -0.1312675 0
0.7322758 -0.07600039 -0.6767541 0
0.6439455 -0.2460923 0.7244121 0
-0.1995402 0.8096662 0.05191168 1

0.06364637 0.9874256 -0.1447083 0
0.6381255 -0.1517451 -0.754777 0
-0.7672672 -0.04430443 -0.6397781 0
-0.2449171 0.6941839 0.1117175 1

-0.8207559 0.5212201 -0.2338576 0
0.5227653 0.5202013 -0.675297 0
-0.2303319 -0.6765263 -0.6994545 0
-0.1395704 0.6956627 0.003139 1

-0.1679844 -0.9853771 -0.02852606 0
0.7395464 -0.1068371 -0.6645727 0
0.6518069 -0.1327342 0.7466789 0
-0.1662936 0.9546344 0.07160571 1

0.7363955 0.2198609 0.6398135 0
0.6617361 -0.03747139 -0.7487463 0
-0.1406441 0.9748107 -0.1730966 0
-0.2746176 0.2334036 0.1792453 1

-0.42207 0.8206477 0.3852043 0
0.6323302 0.5709587 -0.5235319 0
-0.649609 0.02261296 -0.7599236 0
0.2434338 0.4524364 0.1122682 1

-0.3382971 -0.9296303 -0.1460918 0
0.7467094 -0.1707038 -0.6428726 0
0.5726952 -0.3265701 0.7519122 0
-0.1424213 1.094666 0.07565954 1

-0.4106842 0.7983589 -0.4404031 0
0.6537513 -0.0788254 -0.7525391 0
-0.6355327 -0.5969996 -0.4895661 0
-0.5486519 0.1515868 -0.05884836 1

-0.4638257 0.7710729 -0.4362283 0
0.7510018 0.08100074 -0.6552643 0
-0.4699343 -0.631548 -0.6166728 0
0.4004986 0.1470493 -0.03107774 1

-0.3763937 -0.8833423 -0.2793462 0
0.8709373 -0.2345565 -0.4318002 0
0.3159048 -0.4058199 0.8576213 0
-0.07214113 1.287794 0.1060097 1

0.5799922 0.0645754 -0.8120586 0
-0.8066182 0.1849213 -0.561401 0
0.1139142 0.9806297 0.1593406 0
-0.07214113 1.287794 0.1060097 1

-0.5784222 0.2388383 0.7799898 0
0.6893747 -0.3680684 0.6239292 0
0.4361077 0.8986002 0.0482499 0
-0.07214113 1.287794 0.1060097 1

-0.7307268 0.09281043 -0.6763155 0
-0.6808909 -0.02830173 0.7317846 0
0.04878617 0.995281 0.08386597 0
-0.4794051 0.01697323 0.01540928 1

-0.6752355 0.09243249 -0.7317796 0
-0.7328259 0.02849187 0.6797766 0
0.0836613 0.9952947 0.04851827 0
0.4787055 0.01703646 0.04247595 1

-0.2967776 -0.9459998 -0.1304118 0
0.9436588 -0.269587 -0.1919134 0
0.1463927 -0.1800198 0.9727084 0
-0.04659839 1.347739 0.1249666 1

0.7139816 0.5503914 -0.4327812 0
-0.1972459 0.7511921 0.6299245 0
0.6718066 -0.3643904 0.6448997 0
-0.1788195 1.209122 0.2358521 1

-0.006220016 0.6746586 0.7381036 0
-0.7614011 -0.4816903 0.4338694 0
0.6482511 -0.5592944 0.5166817 0
-0.001386865 1.184453 -0.03089613 1

-0.08515391 0.3625885 -0.9280508 0
0.9436588 -0.2695873 -0.1919135 0
-0.3197763 -0.8921056 -0.3192035 0
-0.04659839 1.347739 0.1249666 1

-0.76665 0.1878124 -0.6139823 0
-0.3097342 0.7294556 0.6098848 0
0.5624165 0.6577396 -0.5010652 0
-0.3512957 1.076164 0.3403988 1

-0.5653497 0.8166251 0.1162035 0
-0.6772728 -0.5399847 0.4997175 0
0.4708298 0.2038139 0.8583579 0
0.0001155762 1.021475 -0.2091998 1

-0.9809161 0.04644196 -0.1888029 0
0.1486176 0.8052067 -0.5740696 0
0.1253644 -0.5911736 -0.7967418 0
-0.1458835 1.025842 0.5049061 1

-0.6169538 0.7777687 0.1201815 0
-0.4861625 -0.2565617 -0.8353571 0
-0.6188809 -0.5738049 0.536409 0
0.1515929 0.8026725 -0.2403349 1

-0.1501738 0.5672284 0.8097529 0
0.1015304 0.8235594 -0.5580699 0
-0.9834323 -0.001593043 -0.1812677 0
-0.007391714 1.042514 0.5021765 1

-0.5818172 -0.4251469 0.6933538 0
-0.4814571 -0.5070465 -0.714915 0
0.655506 -0.74977 0.09031831 0
-0.1054006 1.037158 0.4915472 1

-0.1857582 0.6170796 0.7646612 0
0.2258888 0.7841814 -0.5779571 0
-0.9562781 0.06536816 -0.2850593 0
-0.01454481 1.022234 0.5248113 1

-0.1293255 0.5911329 0.7961387 0
0.355831 0.7770729 -0.5191746 0
-0.9255586 0.2161485 -0.3108387 0
-0.02686917 1.002253 0.542621 1

-0.1071268 0.5114285 0.8526223 0
0.4503084 0.7895163 -0.4169971 0
-0.8864232 0.3392718 -0.3148787 0
-0.0437516 0.9835484 0.5566867 1

-0.7789979 0.6210585 -0.08630303 0
-0.3999033 -0.5981114 -0.6945071 0
-0.4829487 -0.506507 0.714291 0
0.2459133 0.7015883 -0.2215969 1

-0.6144679 0.6507831 -0.4459935 0
0.6901732 0.1695351 -0.7035053 0
-0.3822178 -0.7400943 -0.5533266 0
0.1797073 0.7748255 -0.2208542 1

-0.7967187 0.6029608 -0.04095266 0
-0.3560109 -0.5230109 -0.774413 0
-0.4883598 -0.60241 0.6313536 0
0.234325 0.6991759 -0.2504882 1

-0.7255465 0.6877899 0.02296247 0
-0.4481136 -0.4468637 -0.774278 0
-0.5222797 -0.5720648 0.6324284 0
0.2182588 0.7002718 -0.2751654 1

-0.6339613 0.766947 0.09942406 0
-0.5764573 -0.3829241 -0.721849 0
-0.5155482 -0.5149383 0.6848713 0
0.1991505 0.7051311 -0.2962367 1

0.9057583 0.1014579 0.41147 0
0.1835916 0.7811461 -0.5967456 0
-0.3819627 0.61605 0.6889027 0
-0.001267815 1.019383 0.4691549 1

-0.9102402 0.4066024 0.0783387 0
-0.05467787 0.06950741 -0.9960819 0
-0.4104544 -0.9109579 -0.04103611 0
-0.07353937 1.06044 0.4535777 1

0.876192 0.08515733 0.4743791 0
0.238086 0.7793096 -0.5796481 0
-0.4190494 0.6208264 0.66255 0
-0.006620691 0.9959102 0.4921924 1

0.8725697 -0.03794681 0.4870132 0
0.3470824 0.7497103 -0.5634436 0
-0.343738 0.6606781 0.6673451 0
-0.02168618 0.9785621 0.5107136 1

0.8806266 -0.1053011 0.4619612 0
0.3856273 0.7257836 -0.5696754 0
-0.2752966 0.6798167 0.6797512 0
-0.04039231 0.9675102 0.529949 1

-0.6378188 0.7316803 -0.2404804 0
-0.477396 -0.620603 -0.622049 0
-0.6043843 -0.2819506 0.7451335 0
0.2776809 0.6762615 -0.2180776 1

-0.579768 0.7035363 -0.4109811 0
0.2767804 -0.304355 -0.9114608 0
-0.7663301 -0.6421877 -0.01826939 0
0.2133567 0.7391872 -0.1964307 1

-0.6601973 0.7277907 -0.1856341 0
-0.3663352 -0.5277746 -0.7663237 0
-0.6556965 -0.4379208 0.6150509 0
0.2683114 0.6734546 -0.2487411 1

-0.5779803 0.8079433 -0.1147461 0
-0.4691234 -0.4440174 -0.7633945 0
-0.6677288 -0.387397 0.6356583 0
0.2473371 0.6727069 -0.2760857 1

-0.4783048 0.8776163 -0.03184428 0
-0.6166816 -0.3614694 -0.6993163 0
-0.6252422 -0.3148486 0.7141024 0
0.2190312 0.68108 -0.2993546 1

0.6367024 -0.603825 -0.4795894 0
0.1767487 0.719669 -0.6714439 0
0.7505798 0.3427432 0.5649397 0
-0.03344233 1.015779 0.4545385 1

-0.08676594 0.7173829 -0.6912556 0
0.4892396 -0.5737542 -0.6568492 0
-0.8678228 -0.3951821 -0.3011895 0
-0.03253019 1.042122 0.4500482 1

0.6656941 -0.5847808 -0.4635549 0
0.255725 0.7623581 -0.5944872 0
0.701039 0.2772041 0.6570402 0
-0.03917832 0.9927459 0.4745654 1

0.6035182 -0.6329455 -0.484919 0
0.3237944 0.7503095 -0.5763618 0
0.7286445 0.1908309 0.6577694 0
-0.05214813 0.9798869 0.4937116 1

0.5836881 -0.5980564 -0.5492151 0
0.2611268 0.7787171 -0.5704498 0
0.7688438 0.18955 0.6106961 0
-0.0644479 0.9703867 0.5173298 1

-0.5255948 0.7681023 -0.365744 0
-0.5336809 -0.6324922 -0.5613721 0
-0.6625215 -0.09986394 0.7423561 0
0.3003377 0.6502704 -0.2095351 1

-0.5373945 0.8222355 -0.1874464 0
0.1399806 -0.1322177 -0.9812868 0
-0.8316327 -0.5535773 -0.04404319 0
0.2394771 0.7074907 -0.1779148 1

-0.5441008 0.7832525 -0.3007814 0
-0.362271 -0.5426682 -0.7578065 0
-0.7567787 -0.3033591 0.5790161 0
0.2928431 0.6464111 -0.2418431 1

-0.4582655 0.8597488 -0.2254444 0
-0.4698348 -0.4496323 -0.7596614 0
-0.7544852 -0.242205 0.6099908 0
0.2675149 0.6445009 -0.2720799 1

-0.3719543 0.9192671 -0.128833 0
-0.6198983 -0.3492984 -0.7026493 0
-0.6909238 -0.1814903 0.6997752 0
0.2320968 0.6571063 -0.2984847 1

0.01418484 -0.9995941 0.0247143 0
0.7132112 -0.007208815 -0.7009121 0
0.7008057 0.02756879 0.7128196 0
-0.2165433 0.6187588 0.0543914 1

-0.2132574 -0.9683237 -0.1298887 0
0.7457275 -0.07543982 -0.6619663 0
0.6311988 -0.2380307 0.7381937 0
-0.2190889 0.7981451 0.04995618 1

0.08519275 0.9860308 -0.1431283 0
0.638771 -0.1642888 -0.7515981 0
-0.7646355 -0.02739623 -0.643863 0
-0.2679911 0.683868 0.1092966 1

-0.8310626 0.4935245 -0.2564549 0
0.5198219 0.5253108 -0.6736117 0
-0.1977311 -0.6931444 -0.6931313 0
-0.1600877 0.6827775 0.003253884 1

-0.153478 -0.9878207 -0.02559718 0
0.7531595 -0.1001711 -0.6501666 0
0.6396837 -0.119065 0.7593606 0
-0.1870939 0.9434225 0.06944336 1

0.7497537 0.1938472 0.6326693 0
0.6508017 -0.0433499 -0.7579564 0
-0.1194989 0.9800724 -0.1586708 0
-0.3077461 0.2237385 0.1760871 1

-0.4158548 0.8128816 0.4077686 0
0.6269784 0.5810328 -0.5188645 0
-0.6587413 0.03989391 -0.7513036 0
0.2277261 0.4524751 0.1229281 1

-0.3071217 -0.9404953 -0.1454152 0
0.762665 -0.1518412 -0.6287182 0
0.5692261 -0.303996 0.7639163 0
-0.1652831 1.083802 0.07308098 1

-0.4180686 0.7980688 -0.433932 0
0.6411515 -0.07913638 -0.7632703 0
-0.6435037 -0.5973455 -0.4786089 0
-0.5867515 0.1516022 -0.059348 1

-0.4563266 0.788435 -0.412455 0
0.740415 0.07935557 -0.6674013 0
-0.4934863 -0.6099508 -0.6200073 0
0.382478 0.149978 -0.02881472 1

-0.3637682 -0.8885746 -0.2794785 0
0.8787738 -0.2278684 -0.4193242 0
0.3089164 -0.3981351 0.8637472 0
-0.1014795 1.279187 0.1032905 1

0.6058307 0.07171516 -0.792355 0
-0.79085 0.162881 -0.5899377 0
0.08675204 0.9840364 0.1553941 0
-0.1014795 1.279187 0.1032905 1

-0.5930412 0.2229387 0.773693 0
0.6934853 -0.346825 0.6314987 0
0.4091213 0.9110495 0.05107687 0
-0.1014795 1.279187 0.1032905 1

-0.7418905 0.09235203 -0.6641139 0
-0.6686172 -0.02800541 0.7430269 0
0.050032 0.9953317 0.08251616 0
-0.5162596 0.01703748 0.01381851 1

-0.6886353 0.0923975 -0.71919 0
-0.7201349 0.0286607 0.6931998 0
0.08464065 0.995293 0.04682211 0
0.4594206 0.01703777 0.04073046 1

-0.3045709 -0.9429414 -0.1345294 0
0.9430204 -0.2786541 -0.1818364 0
0.1339738 -0.1822459 0.9740828 0
-0.07679362 1.339487 0.1222564 1

0.751335 0.5545996 -0.3576525 0
-0.2353431 0.7315083 0.6399295 0
0.6165302 -0.3966306 0.6801288 0
-0.2107706 1.19908 0.2300467 1

0.009348534 0.6774905 0.7354724 0
-0.7506862 -0.4811355 0.4527461 0
0.6605927 -0.5563415 0.5040847 0
-0.0263478 1.177762 -0.03271316 1

-0.07144468 0.3641691 -0.9285883 0
0.9430203 -0.2786545 -0.1818363 0
-0.3249743 -0.888669 -0.3235104 0
-0.07679362 1.339487 0.1222564 1

-0.7100299 0.232971 -0.6645167 0
-0.3319273 0.721539 0.6076235 0
0.6210329 0.6520021 -0.4349844 0
-0.3922702 1.065106 0.3164446 1

-0.5575149 0.815006 0.1579334 0
-0.6573786 -0.549594 0.5155578 0
0.5069816 0.1836091 0.8421741 0
-0.02860626 1.0141 -0.2103812 1

-0.9721038 0.09501658 -0.2144436 0
0.2000865 0.8130112 -0.5467898 0
0.1223907 -0.5744439 -0.8093423 0
-0.2020284 1.002685 0.4944917 1

-0.6002999 0.7891274 0.1300719 0
-0.5056075 -0.2484368 -0.8262206 0
-0.6196784 -0.5617456 0.5481252 0
0.1207718 0.7957311 -0.2526973 1

-0.1360313 0.5492638 0.8245032 0
0.151458 0.8339863 -0.5305923 0
-0.9790588 0.05270046 -0.1966386 0
-0.06292044 1.01326 0.4960608 1

-0.6157847 -0.4192695 0.6671001 0
-0.4837398 -0.4671358 -0.7401219 0
0.6219366 -0.7784587 0.08483773 0
-0.1607222 1.012549 0.482581 1

-0.1688003 0.6006064 0.7815237 0
0.274831 0.7901352 -0.5478636 0
-0.9465591 0.1223075 -0.2984403 0
-0.07160097 0.9927139 0.5179082 1

-0.1154103 0.5689374 0.8142428 0
0.4026273 0.7761558 -0.4852563 0
-0.9080594 0.2718329 -0.3186463 0
-0.08529343 0.9728271 0.5347995 1

-0.09993307 0.4850423 0.868762 0
0.4943896 0.7819289 -0.3796926 0
-0.8634768 0.3915633 -0.3179405 0
-0.1033742 0.9545172 0.5478598 1

-0.7619541 0.6437132 -0.07113095 0
-0.4289511 -0.5839058 -0.6892425 0
-0.4852083 -0.4946598 0.721031 0
0.2135354 0.6929463 -0.2355018 1

-0.627145 0.7201003 -0.2968927 0
0.6103826 0.2175709 -0.7616411 0
-0.4838626 -0.6588776 -0.5759845 0
0.1487118 0.7673912 -0.2336817 1

-0.7792417 0.6262358 -0.02472812 0
-0.3854392 -0.5099775 -0.7689995 0
-0.4941857 -0.5897053 0.6387713 0
0.2013917 0.6907175 -0.2641787 1

-0.7041561 0.7090561 0.03747584 0
-0.4756005 -0.4318085 -0.7663848 0
-0.527227 -0.5574782 0.6412875 0
