MeshAnim
1
120
53
30
0.2299202 -0.9629273 0.1410947 0
0.959767 0.2483621 0.1310097 0
-0.1611954 0.1052962 0.9812894 0
0.06406877 0.7095203 0.04183677 1

0.1829994 -0.9810271 0.06401091 0
0.9716703 0.1903907 0.1400287 0
-0.1495591 0.0365723 0.9880763 0
0.02280751 0.8823264 0.01651604 1

0.03149485 0.8883211 -0.4581422 0
0.9989154 -0.04314943 -0.01499492 0
-0.03308972 -0.4571864 -0.8887426 0
-0.02413982 0.7533123 0.02761832 1

-0.001787706 0.9234078 -0.3838168 0
0.9870277 0.06315028 0.1473334 0
0.1602917 -0.3785855 -0.9115687 0
0.1210656 0.7908877 0.04743908 1

0.1327305 -0.9607699 0.2435245 0
0.974866 0.1709049 0.1429252 0
-0.1789378 0.2184332 0.9593061 0
-0.004647841 1.02951 0.006912501 1

0.1464879 0.6103826 0.7784293 0
0.9889273 -0.07288068 -0.1289611 0
-0.02198038 0.788744 -0.6143283 0
-0.03883681 0.3387789 0.2414095 1

0.09713043 0.6672681 0.7384416 0
0.9919163 -0.1254195 -0.01716033 0
0.08116515 0.7341799 -0.6740843 0
0.1218999 0.3599811 0.2265465 1

0.1045378 -0.9784602 0.1780107 0
0.9800915 0.1317371 0.1485467 0
-0.1687977 0.1589379 0.9727517 0
-0.02351015 1.166045 -0.02769472 1

0.02764693 0.5610796 -0.8272972 0
0.9949194 -0.09524648 -0.03134626 0
-0.09638485 -0.8222612 -0.5608739 0
-0.09334908 0.1116375 -0.04826707 1

-0.003230343 0.5610511 -0.8277707 0
0.9935886 0.09505513 0.06054177 0
0.1126557 -0.8223035 -0.5577728 0
0.08575493 0.1116709 -0.04824936 1

-0.03578982 -0.9887098 -0.1455072 0
0.9993594 -0.03546946 -0.004796369 0
-0.0004188358 -0.1455858 0.9893456 0
-0.04522754 1.369317 -0.0646759 1

0.973002 -0.002491395 -0.2307834 0
-0.2150335 -0.3729934 -0.9025721 0
-0.08383197 0.9278308 -0.3634592 0
-0.04522754 1.369317 -0.0646759 1

-0.9663894 0.09764181 0.2378187 0
0.2455818 0.07702425 0.9663107 0
0.07603437 0.9922366 -0.09841456 0
-0.04522754 1.369317 -0.0646759 1

-0.02916974 0.09241647 -0.9952852 0
-0.9992731 -0.0254577 0.02692463 0
-0.02284559 0.9953932 0.09308607 0
-0.0980106 0.01703225 0.09122603 1

0.05840432 0.09236942 -0.9940016 0
-0.9980466 0.02565038 -0.05625395 0
0.02029519 0.9953927 0.09368164 0
0.08629961 0.01707054 0.09132344 1

-0.2056465 -0.9707328 -0.1240454 0
0.9673829 -0.1824854 -0.1756971 0
0.1479184 -0.1561311 0.9765977 0
-0.0427988 1.436413 -0.05480156 1

0.2333433 0.9714988 -0.04172515 0
-0.9539884 0.2370248 0.1836441 0
0.1882999 -0.003046924 0.9821069 0
-0.2069144 1.306606 0.001304402 1

-0.4882025 0.01847334 0.8725346 0
-0.6620288 -0.6592823 -0.3564614 0
0.5686616 -0.7516687 0.3340932 0
0.1164963 1.284513 -0.09757537 1

-0.1045759 0.3440311 -0.9331163 0
0.9673828 -0.1824857 -0.1756969 0
-0.2307256 -0.9210544 -0.313726 0
-0.0427988 1.436413 -0.05480156 1

-0.01036256 0.03822337 -0.9992154 0
-0.9684387 0.2484836 0.01954863 0
0.249036 0.9678818 0.03444193 0
-0.2632829 1.071922 0.0113839 1

-0.2160414 0.9753078 -0.04583751 0
-0.9426619 -0.2205813 -0.2504642 0
-0.2543905 -0.01090149 0.9670399 0
0.2344314 1.28005 -0.3083537 1

-0.1691467 -0.4012419 -0.9002191 0
0.1674304 0.8884065 -0.4274361 0
0.9712655 -0.2230232 -0.08309086 0
-0.2605065 1.06168 0.2791086 1

-0.2397525 0.9426141 -0.2323737 0
0.02759066 -0.2326424 -0.9721706 0
-0.9704419 -0.2394918 0.02976918 0
0.2923166 1.01873 -0.2960723 1

-0.986623 0.1628339 0.007761971 0
0.1414638 0.8788587 -0.4556268 0
-0.08101317 -0.4484337 -0.8901373 0
-0.2223876 1.145116 0.3842314 1

-0.5724209 -0.8196971 -0.02077167 0
0.6833079 -0.4628671 -0.5646629 0
0.4532378 -0.3374185 0.8250602 0
-0.2417186 1.09463 0.3016185 1

-0.9761295 0.2077306 -0.06339607 0
0.2166367 0.910441 -0.3523724 0
-0.01548018 -0.3576948 -0.9337102 0
-0.2345221 1.118945 0.3961754 1

-0.9753599 0.2205893 0.0036611 0
0.2145685 0.9523371 -0.2168287 0
-0.05131681 -0.2107003 -0.9762028 0
-0.2443635 1.091688 0.4015105 1

-0.9832672 0.1639501 0.07940693 0
0.1562305 0.983115 -0.09527567 0
-0.09368671 -0.0812755 -0.9922789 0
-0.2530625 1.064179 0.4009252 1

0.9438033 0.3219366 -0.07478353 0
0.01548835 -0.2691013 -0.9629871 0
-0.3301454 0.9077123 -0.258965 0
0.3142017 0.8978497 -0.2299323 1

0.2763979 0.3182226 -0.9068288 0
0.9269246 -0.3374641 0.1641006 0
-0.2538018 -0.8859192 -0.3882422 0
0.2917154 0.9873125 -0.2651214 1

0.9252895 0.3789722 -0.01483501 0
0.04271559 -0.1430005 -0.9888003 0
-0.3768492 0.9142926 -0.1485049 0
0.3213444 0.8941405 -0.260099 1

0.9489667 0.3149475 -0.01643999 0
-0.01301301 -0.01298119 -0.9998307 0
-0.3151078 0.9490205 -0.008220545 0
0.3240581 0.8958837 -0.2893886 1

0.9631665 0.2541313 -0.0879057 0
-0.1122394 0.08286732 -0.9902196 0
-0.2443614 0.9636135 0.1083383 0
0.3238386 0.9027479 -0.3174168 1

-0.2262281 0.4304332 0.8738125 0
0.2131515 0.8972039 -0.3867712 0
-0.950467 0.09875581 -0.2947202 0
-0.1821534 1.138476 0.3839148 1

-0.5469371 -0.1724645 -0.8192163 0
0.7661611 0.2912936 -0.5728398 0
0.3374268 -0.9409593 -0.02718361 0
-0.2103718 1.139518 0.3027556 1

-0.2780825 0.3950266 0.8755707 0
0.2231786 0.91315 -0.3410993 0
-0.9342704 0.1005549 -0.3420923 0
-0.1928824 1.110084 0.3988798 1

-0.2355894 0.2935443 0.9264608 0
0.2620495 0.9371719 -0.2303017 0
-0.9358568 0.1885219 -0.2977111 0
-0.2052735 1.082847 0.4013636 1

-0.1888236 0.2436302 0.9513095 0
0.2977507 0.9373373 -0.1809521 0
-0.935783 0.2490848 -0.2495327 0
-0.2222278 1.059038 0.3984349 1

0.5984788 -0.7819486 0.1742987 0
0.05397105 -0.1777168 -0.9826003 0
0.7993191 0.5974725 -0.06415703 0
0.2757133 0.8847211 -0.2268827 1

0.1936506 0.9738078 -0.1191561 0
0.7872773 -0.2267197 -0.5734043 0
-0.585401 0.01723135 -0.8105607 0
0.2765792 0.969886 -0.2154617 1

0.6358339 -0.7610863 0.1283087 0
0.04439137 -0.1299041 -0.9905321 0
0.7705485 0.6355096 -0.04881163 0
0.2818732 0.8779745 -0.2594662 1

0.5837581 -0.8113337 0.03106005 0
0.03855517 -0.01051129 -0.9992009 0
0.811012 0.5844894 0.02514507 0
0.2860258 0.8832613 -0.2887299 1

0.5346389 -0.8450122 -0.01075924 0
0.05566289 0.04791632 -0.9972991 0
0.8432454 0.5325961 0.07265372 0
0.2936341 0.8947785 -0.3146601 1

0.787518 0.004729742 0.6162738 0
0.3045424 0.8663632 -0.3958147 0
-0.535789 0.4993926 0.6808361 0
-0.1741172 1.123186 0.3528751 1

0.1588221 0.6881775 -0.707946 0
0.9748842 0.00407967 0.2226735 0
0.1561271 -0.7255312 -0.6702455 0
-0.1857306 1.147288 0.3396639 1

0.7660596 0.02190787 0.642396 0
0.2463412 0.9131016 -0.3249027 0
-0.5936906 0.4071434 0.6940933 0
-0.1825493 1.095405 0.3663453 1

0.7910006 -0.06297392 0.608566 0
0.2690189 0.9291711 -0.253515 0
-0.5494971 0.3642461 0.7519161 0
-0.1970487 1.072599 0.3690203 1

0.8205124 -0.04182094 0.5700967 0
0.2568127 0.9179739 -0.3022776 0
-0.510692 0.3944304 0.7639489 0
-0.2170698 1.052383 0.3724484 1

-0.5226479 -0.8505937 0.05770752 0
0.1485022 -0.1574827 -0.9762922 0
0.8395159 -0.5016873 0.2086231 0
0.254454 0.9124979 -0.2330742 1

-0.1639483 0.5196764 0.8384849 0
0.8140392 0.5513724 -0.1825612 0
-0.5571906 0.6526293 -0.5134336 0
0.2678548 0.9260129 -0.2100935 1

-0.490189 -0.8692914 0.06361695 0
0.06041608 -0.1066986 -0.9924538 0
0.86952 -0.4826468 0.1048219 0
0.2582468 0.9062551 -0.2642339 1

-0.547685 -0.8366744 -0.004215289 0
0.05433403 -0.03053855 -0.9980553 0
0.8349187 -0.5468491 0.06218549 0
0.2656462 0.9115855 -0.2898143 1

-0.5802042 -0.8138907 0.03073273 0
0.0615276 -0.08142465 -0.9947781 0
0.8121436 -0.575284 0.09731979 0
0.2790297 0.9178615 -0.3143662 1

0.2448709 -0.9591619 0.1415863 0
0.9565715 0.2628208 0.1260801 0
-0.1581431 0.104564 0.9818641 0
0.06666968 0.7092975 0.04190644 1

0.1895469 -0.979831 0.06327081 0
0.9709594 0.1966311 0.1362859 0
-0.1459782 0.03560076 0.988647 0
0.0227254 0.8814279 0.0164975 1

0.03754311 0.8871032 -0.460042 0
0.9988422 -0.04653512 -0.008220507 0
-0.02870134 -0.4592141 -0.8878491 0
-0.02224595 0.7517495 0.02803201 1

0.003243626 0.9229603 -0.3848816 0
0.9863011 0.06042889 0.1532229 0
0.1646815 -0.3801173 -0.9101474 0
0.122476 0.7915123 0.04710697 1

0.1370725 -0.9604251 0.2424765 0
0.9747465 0.1743467 0.1395435 0
-0.1762961 0.2172255 0.9600691 0
-0.00571229 1.028432 0.007004993 1

0.1439743 0.6070673 0.7814844 0
0.9893637 -0.07337918 -0.1252784 0
-0.01870455 0.7912519 -0.6112034 0
-0.03976535 0.3377845 0.2427098 1

0.09468023 0.6681508 0.737961 0
0.9919604 -0.1255014 -0.01365933 0
0.08348979 0.7333621 -0.6746898 0
0.1209624 0.3608145 0.2267113 1

0.1031054 -0.9789739 0.1760099 0
0.980795 0.1295163 0.1458319 0
-0.1655618 0.1575935 0.9735262 0
-0.02519164 1.164918 -0.02745331 1

0.02771703 0.5625053 -0.8263261 0
0.9949244 -0.09517117 -0.03141233 0
-0.0963121 -0.8212951 -0.5622998 0
-0.09334221 0.1118767 -0.04810368 1

-0.003334114 0.5640455 -0.8257327 0
0.9935858 0.09491175 0.0608126 0
0.1126775 -0.8202691 -0.5607557 0
0.08572926 0.1121759 -0.0479057 1

-0.03487724 -0.9894197 -0.1408271 0
0.999389 -0.03420515 -0.007191246 0
0.002298136 -0.140992 0.9900079 0
-0.04661144 1.368297 -0.06401885 1

0.9856618 0.01975732 -0.1675726 0
-0.1505331 -0.3456973 -0.9261927 0
-0.07622843 0.9381382 -0.3377666 0
-0.04661144 1.368297 -0.06401885 1

-0.9664005 0.09796065 0.237643 0
0.2453789 0.07626153 0.9664228 0
0.07654816 0.9922642 -0.09773681 0
-0.04661144 1.368297 -0.06401885 1

-0.02907342 0.09241381 -0.9952881 0
-0.999275 -0.02548763 0.02682568 0
-0.02288432 0.9953923 0.09308212 0
-0.09801553 0.01703105 0.09122567 1

0.05833396 0.09236889 -0.9940056 0
-0.9980499 0.02569823 -0.05617847 0
0.02035012 0.9953918 0.0936824 0
0.08629145 0.0170706 0.09132343 1

-0.2005709 -0.9730973 -0.1133705 0
0.9679185 -0.1789548 -0.176377 0
0.1513438 -0.1451095 0.9777719 0
-0.04424462 1.43544 -0.05446206 1

0.1886245 0.9789135 -0.07841728 0
-0.967056 0.1990513 0.1586863 0
0.1709493 0.04590148 0.9842098 0
-0.2110923 1.301005 -0.01066551 1

-0.4759215 0.01795567 0.8793042 0
-0.6626241 -0.6647227 -0.3450699 0
0.5782977 -0.7468747 0.3282538 0
0.1150787 1.283434 -0.09693435 1

-0.1089327 0.3336901 -0.9363675 0
0.9679184 -0.1789552 -0.1763768 0
-0.226423 -0.9255407 -0.3034905 0
-0.04424462 1.43544 -0.05446206 1

0.01517129 0.03477416 -0.9992799 0
-0.9746589 0.2235854 -0.007017064 0
0.2231805 0.9740639 0.03728469 0
-0.2566581 1.064529 0.008277728 1

-0.2315954 0.9704701 -0.06746785 0
-0.9400306 -0.2411042 -0.2412696 0
-0.2504117 0.007544825 0.96811 0
0.2300471 1.279097 -0.3093482 1

-0.169167 -0.3949343 -0.9029999 0
0.1677126 0.8913081 -0.4212398 0
0.9712132 -0.2227043 -0.08454416 0
-0.2607231 1.055212 0.2760196 1

-0.2399815 0.9432938 -0.2293609 0
0.02735474 -0.2296004 -0.9729003 0
-0.970392 -0.239752 0.02929635 0
0.2920998 1.019073 -0.2912711 1

-0.9865798 0.1630432 0.008797557 0
0.141746 0.8819634 -0.4494987 0
-0.08104701 -0.442219 -0.8932377 0
-0.222592 1.137905 0.3817231 1

-0.5726406 -0.8193777 -0.02651884 0
0.6832381 -0.4591197 -0.5677979 0
0.4530655 -0.3432632 0.8227406 0
-0.2419285 1.088 0.2987595 1

-0.976067 0.2084302 -0.06204681 0
0.2169176 0.9128073 -0.3460202 0
-0.01548433 -0.3511976 -0.9361728 0
-0.2347347 1.111656 0.3934838 1

-0.9753004 0.2208232 0.005098936 0
0.2148477 0.9537617 -0.2101889 0
-0.05127797 -0.2039015 -0.9776474 0
-0.244584 1.084364 0.3986285 1

-0.9832307 0.1636621 0.08044795 0
0.1565066 0.9837102 -0.08843052 0
-0.09361032 -0.07435653 -0.9928284 0
-0.2532904 1.056863 0.3978513 1

0.9437263 0.3223325 -0.07404549 0
0.01526127 -0.2660899 -0.9638273 0
-0.3303759 0.9084594 -0.2560354 0
0.3140245 0.8979906 -0.2255151 1

0.276085 0.3211014 -0.905909 0
0.9270299 -0.3378141 0.162783 0
-0.2537588 -0.8847463 -0.3909355 0
0.2915128 0.9875589 -0.2604183 1

0.9252197 0.3791775 -0.01391423 0
0.04245914 -0.1399045 -0.9892541 0
-0.3770497 0.9146866 -0.1455422 0
0.3211594 0.8943768 -0.2556953 1

0.9489077 0.3151622 -0.01572577 0
-0.013295 -0.00986119 -0.9998626 0
-0.3152742 0.9489868 -0.005167477 0
0.3238645 0.896212 -0.2849802 1

0.9630979 0.254571 -0.08738476 0
-0.1125349 0.08594004 -0.9899242 0
-0.2444964 0.9632282 0.1114164 0
0.3236358 0.9031637 -0.3129866 1

-0.2261975 0.4244155 0.8767586 0
0.2134319 0.8998107 -0.3805106 0
-0.9504114 0.1010576 -0.2941187 0
-0.1823595 1.131257 0.3813642 1

-0.5469034 -0.1666228 -0.8204469 0
0.7662958 0.2950568 -0.5707294 0
0.337175 -0.9408394 -0.03368497 0
-0.2105696 1.132871 0.3002115 1

-0.2780625 0.3890118 0.8782654 0
0.2234591 0.9154361 -0.3347279 0
-0.9342092 0.1031813 -0.3414766 0
-0.1930976 1.102764 0.3961307 1

-0.235601 0.2871669 0.9284541 0
0.2623258 0.9386775 -0.2237624 0
-0.9357765 0.190839 -0.2964847 0
-0.2054963 1.075514 0.3984242 1

-0.1888519 0.2370688 0.9529601 0
0.2980227 0.9384905 -0.174409 0
-0.9356907 0.2510663 -0.2478877 0
-0.2224568 1.051731 0.3953285 1

0.5986636 -0.7823854 0.1716861 0
0.05372268 -0.1746379 -0.9831662 0
0.7991976 0.5978088 -0.06251757 0
0.2755393 0.8848459 -0.2224956 1

0.1934483 0.9742089 -0.1161691 0
0.7871537 -0.224791 -0.5743331 0
-0.5856344 0.0196613 -0.8103368 0
0.2763938 0.9699748 -0.210809 1

0.6360023 -0.761373 0.1257509 0
0.04413218 -0.1268025 -0.9909454 0
0.7704247 0.6357931 -0.04704567 0
0.2816912 0.878202 -0.2551018 1

0.5839073 -0.8113254 0.02836059 0
0.03827283 -0.007384249 -0.9992397 0
0.810918 0.5845488 0.02673989 0
0.2858345 0.883581 -0.2843499 1

0.5347813 -0.8448823 -0.01354975 0
0.05537141 0.05104036 -0.9971602 0
0.8431744 0.5325122 0.07407753 0
0.2934335 0.8951805 -0.3102464 1

0.7874585 0.0002366251 0.6163679 0
0.3048152 0.8690086 -0.3897592 0
-0.5357208 0.4947971 0.6842355 0
-0.1743244 1.11618 0.3502198 1

0.159078 0.6930345 -0.7031342 0
0.9748636 0.002268568 0.2227904 0
0.1559963 -0.7209011 -0.6752529 0
-0.18593 1.140378 0.3371752 1

0.7660019 0.01723849 0.642607 0
0.2466201 0.9152691 -0.3185298 0
-0.5936493 0.402474 0.696846 0
-0.1827653 1.08831 0.363496 1

0.7909238 -0.0674137 0.6081904 0
0.2692955 0.9308363 -0.24703 0
-0.5494723 0.3591644 0.7543743 0
-0.1972712 1.065489 0.3660112 1

0.8204443 -0.04600254 0.5698723 0
0.2570917 0.9199811 -0.2958699 0
-0.5106608 0.389254 0.76662 0
-0.2172981 1.045255 0.3692969 1

-0.5224845 -0.8508607 0.05519914 0
0.1482521 -0.1544071 -0.9768212 0
0.839662 -0.5021909 0.2068172 0
0.2542735 0.9126382 -0.2285944 1

-0.1638001 0.5170267 0.8401505 0
0.8138922 0.5520815 -0.1810691 0
-0.5574493 0.654133 -0.5112348 0
0.2676785 0.9260836 -0.2055753 1

-0.4900208 -0.869571 0.06104133 0
0.06015234 -0.1035884 -0.9927992 0
0.8696333 -0.4828209 0.1030673 0
0.2580585 0.9064934 -0.2597744 1

-0.5475416 -0.8367524 -0.006672371 0
0.05405555 -0.02741233 -0.9981614 0
0.8350309 -0.5468959 0.06024058 0
0.2654496 0.9119049 -0.28534 1

-0.5800553 -0.8140836 0.02835534 0
0.06125899 -0.07830681 -0.9950449 0
0.8122705 -0.5754449 0.09529232 0
0.2788251 0.9182599 -0.3098761 1

0.2435935 -0.960182 0.1367945 0
0.9583744 0.2599564 0.1180726 0
-0.1489318 0.1023386 0.9835376 0
0.0654392 0.7112504 0.04098883 1

0.1858096 -0.9808895 0.0577134 0
0.9730125 0.1918606 0.1282032 0
-0.1368261 0.03233448 0.9900672 0
0.02172415 0.8835638 0.01643982 1

0.04200446 0.8870335 -0.4597906 0
0.9986831 -0.05019598 -0.005603367 0
-0.02805074 -0.4589632 -0.8879997 0
-0.02348556 0.753974 0.02803716 1

0.007741497 0.9214145 -0.388504 0
0.9860998 0.05735572 0.1556799 0
0.1657335 -0.3843202 -0.9081892 0
0.1215092 0.7933034 0.04590064 1

0.1344968 -0.9621387 0.2370656 0
0.9768267 0.1689315 0.1314213 0
-0.1664933 0.2138963 0.9625633 0
-0.006152829 1.030727 0.007781086 1

0.1349894 0.6112052 0.7798613 0
0.9906326 -0.06852151 -0.1177773 0
-0.01854524 0.7884973 -0.6147577 0
-0.04308682 0.3400414 0.2425976 1

0.08664934 0.6708722 0.7364775 0
0.9925715 -0.1211725 -0.006420851 0
0.0849347 0.7316037 -0.6764163 0
0.1178967 0.363327 0.2271953 1

0.09870476 -0.9804856 0.170017 0
0.9828444 0.1228038 0.1376094 0
-0.1558027 0.1535175 0.9757857 0
-0.02526614 1.167456 -0.02590827 1

0.02785667 0.5667562 -0.8234114 0
0.9949374 -0.09494451 -0.03169015 0
-0.09613916 -0.8183938 -0.5665436 0
-0.09332016 0.1125938 -0.0476118 1

-0.003648812 0.5729429 -0.8195827 0
0.9935802 0.09446038 0.061602 0
0.1127172 -0.8141315 -0.5696214 0
0.08565202 0.1136757 -0.04686958 1

-0.03164773 -0.9898906 -0.138258 0
0.9994817 -0.03052834 -0.01021033 0
0.005886321 -0.1385096 0.9903433 0
-0.04577174 1.371149 -0.06122878 1

0.9934939 0.04045912 -0.106456 0
-0.08862528 -0.312385 -0.9458123 0
-0.07152196 0.9490939 -0.3067669 0
-0.04577174 1.371149 -0.06122878 1

-0.9664394 0.09899351 0.2370562 0
0.2447158 0.0739943 0.966767 0
0.07816276 0.9923333 -0.09573644 0
-0.04577174 1.371149 -0.06122878 1

-0.02886751 0.09241133 -0.9952943 0
-0.9992785 -0.02557755 0.02661086 0
-0.0229936 0.9953903 0.09307735 0
-0.09801704 0.01703147 0.09122609 1

0.05810729 0.09236991 -0.9940184 0
-0.9980592 0.02585732 -0.05593567 0
0.0205313 0.9953871 0.09368748 0
0.08626726 0.01707024 0.09132258 1

-0.1866091 -0.9768444 -0.1046529 0
0.9708287 -0.1670302 -0.1720252 0
0.1505617 -0.1337017 0.9795175 0
-0.04362407 1.438325 -0.05184636 1

0.155252 0.9844583 -0.08209115 0
-0.977751 0.164996 0.1295367 0
0.1410682 0.06015369 0.9881705 0
-0.212012 1.29949 -0.02051108 1

-0.4631854 0.03165581 0.8856957 0
-0.6698451 -0.6668777 -0.3264686 0
0.5803163 -0.7444948 0.3300925 0
0.1158134 1.286101 -0.09417991 1

-0.1109123 0.3232421 -0.9397938 0
0.9708285 -0.1670307 -0.1720251 0
-0.2125801 -0.9314587 -0.2952868 0
-0.04362407 1.438325 -0.05184637 1

0.0442697 0.04794776 -0.9978682 0
-0.9783795 0.2040697 -0.0335995 0
0.2020236 0.9777817 0.05594509 0
-0.249516 1.061675 -0.0006803668 1

-0.2378926 0.9642041 -0.1171257 0
-0.9380425 -0.2593536 -0.2298089 0
-0.2519596 0.05519889 0.9661619 0
0.2277051 1.278453 -0.3081377 1

-0.1692153 -0.3754171 -0.9112782 0
0.168552 0.899968 -0.4020558 0
0.9710596 -0.2216318 -0.08901104 0
-0.2613774 1.048828 0.2666833 1

-0.2405748 0.9447046 -0.2228408 0
0.02673108 -0.2230479 -0.9744407 0
-0.9702628 -0.2403825 0.02840666 0
0.2914451 1.020109 -0.2767555 1

-0.9864513 0.163615 0.01200318 0
0.1425861 0.8912499 -0.4305152 0
-0.08113653 -0.4229707 -0.9025036 0
-0.2232115 1.129214 0.3741399 1

-0.5732889 -0.8181617 -0.04417647 0
0.6830385 -0.4474374 -0.5772855 0
0.4525466 -0.361126 0.8153464 0
-0.2425634 1.081108 0.2901237 1

-0.9758812 0.2104965 -0.05785277 0
0.2177517 0.9198157 -0.3263802 0
-0.01548781 -0.3311059 -0.9434662 0
-0.2353787 1.102729 0.3853338 1

-0.9751248 0.2214513 0.009543054 0
0.2156738 0.9578606 -0.1897058 0
-0.05115138 -0.1829286 -0.9817946 0
-0.2452514 1.075342 0.3898916 1

-0.9831234 0.1626995 0.08365034 0
0.1573203 0.9852487 -0.06735186 0
-0.09337443 -0.05305505 -0.9942165 0
-0.2539796 1.04787 0.3885246 1

0.9435267 0.3232496 -0.07258016 0
0.01466071 -0.259603 -0.9656039 0
-0.3309735 0.9100092 -0.2496814 0
0.3134731 0.8985973 -0.2118307 1

0.2752649 0.3273041 -0.9039366 0
0.9273023 -0.3384804 0.1598208 0
-0.2536547 -0.8822153 -0.3966811 0
0.2908953 0.9883878 -0.2461147 1

0.9250394 0.3796808 -0.01205442 0
0.04178336 -0.1332372 -0.9902028 0
-0.3775674 0.9154731 -0.1391141 0
0.3205871 0.8951895 -0.2420397 1

0.9487545 0.3156903 -0.01431395 0
-0.01403703 -0.003150899 -0.9998962 0
-0.3157029 0.9488573 0.00144168 0
0.3232694 0.8972226 -0.2713137 1

0.9629182 0.2555886 -0.08638952 0
-0.1133131 0.09253591 -0.9892406 0
-0.2448448 0.9623473 0.1180657 0
0.3230167 0.9043621 -0.2992726 1

-0.2261173 0.4057716 0.8855622 0
0.2142658 0.9075615 -0.3611416 0
-0.9502428 0.1080854 -0.2921582 0
-0.1829842 1.122542 0.3736502 1

-0.5467934 -0.1486169 -0.8239719 0
0.7667014 0.3065626 -0.5640821 0
0.3364311 -0.9401773 -0.05368162 0
-0.2111689 1.125912 0.2925427 1

-0.2780114 0.3703855 0.8862979 0
0.2242919 0.9221973 -0.3150326 0
-0.9340248 0.1112072 -0.3394556 0
-0.1937496 1.093749 0.3878017 1

-0.2356457 0.2674574 0.9343114 0
0.2631439 0.9430318 -0.2035853 0
-0.9355356 0.1978846 -0.292601 0
-0.2061708 1.066467 0.389509 1

-0.1889452 0.2168096 0.9577544 0
0.2988259 0.9417614 -0.1542371 0
-0.9354157 0.2570595 -0.2427296 0
-0.2231494 1.042768 0.3859012 1

0.5991415 -0.7832501 0.1659815 0
0.05306675 -0.1680058 -0.9843566 0
0.7988833 0.5985768 -0.05909465 0
0.274996 0.8854151 -0.2088708 1

0.1929256 0.9750548 -0.1097662 0
0.7868254 -0.220572 -0.5764151 0
-0.5862482 0.02483887 -0.809751 0
0.2758211 0.9704641 -0.1966134 1

0.6364365 -0.7619131 0.1201608 0
0.04344932 -0.1201233 -0.9918075 0
0.7701051 0.6364432 -0.0433463 0
0.2811265 0.8789932 -0.2415257 1

0.5842915 -0.8112331 0.02247594 0
0.03753015 -0.000654878 -0.999295 0
0.8106761 0.5847232 0.03006309 0
0.2852456 0.8845703 -0.27074 1

0.5351496 -0.84453 -0.01962236 0
0.05460345 0.05776171 -0.9968358 0
0.8429911 0.5323848 0.07702524 0
0.2928201 0.8963469 -0.2965635 1

0.7872756 -0.0135668 0.6164522 0
0.3056271 0.8768902 -0.3710205 0
-0.5355272 0.4804999 0.6945003 0
-0.174952 1.108128 0.3421932 1

0.1598414 0.707768 -0.688125 0
0.9747989 -0.003278031 0.22306 0
0.1556192 -0.7064382 -0.6904551 0
-0.1865343 1.132607 0.3296653 1

0.7658243 0.002888282 0.643043 0
0.2474481 0.9216655 -0.2988353 0
-0.5935338 0.3879751 0.705119 0
-0.1834191 1.079987 0.3548686 1

0.790689 -0.08102918 0.606832 0
0.2701142 0.9356837 -0.2270131 0
-0.549408 0.3434107 0.7617216 0
-0.1979441 1.057129 0.3568916 1

0.8202381 -0.05882788 0.5689892 0
0.257916 0.9258842 -0.2760772 0
-0.5105768 0.3732005 0.774618 0
-0.2179881 1.036845 0.3597387 1

-0.5220624 -0.8514487 0.04987077 0
0.1475919 -0.1477753 -0.9779466 0
0.8400408 -0.5031887 0.2028147 0
0.2537132 0.9132382 -0.214767 1

-0.163404 0.5112976 0.8437262 0
0.8135095 0.5536535 -0.1779617 0
-0.5581235 0.6573 -0.5064145 0
0.2671293 0.9265347 -0.1916682 1

-0.4895862 -0.8701831 0.05556268 0
0.05945766 -0.09689002 -0.9935173 0
0.869926 -0.483109 0.09917524 0
0.2574777 0.9073047 -0.2459905 1

-0.5471715 -0.8369365 -0.01188593 0
0.05332262 -0.02068263 -0.9983628 0
0.8353206 -0.54691 0.05594459 0
0.2648473 0.9128911 -0.2715247 1

-0.5796691 -0.8145184 0.02331825 0
0.06055062 -0.07159409 -0.9955938 0
0.8125994 -0.5757038 0.09082054 0
0.2782016 0.9194167 -0.2960275 1

0.2303152 -0.9647097 0.1276334 0
0.9638963 0.2441743 0.1062208 0
-0.1336371 0.09856104 0.9861171 0
0.06139813 0.714325 0.03924795 1

0.1738338 -0.983609 0.04791142 0
0.977181 0.1783194 0.1154098 0
-0.1220616 0.02675599 0.9921619 0
0.02006599 0.8874509 0.01634298 1

0.0447643 0.8876271 -0.4583824 0
0.9984692 -0.05408956 -0.007233119 0
-0.03121481 -0.4573703 -0.8887157 0
-0.02701388 0.7585158 0.02779588 1

0.01139283 0.9185388 -0.3951674 0
0.9864965 0.05414978 0.1543087 0
0.1631415 -0.3916008 -0.9055449 0
0.1188163 0.7954575 0.04386628 1

0.1262877 -0.9655089 0.2276937 0
0.9806193 0.1561657 0.1183135 0
-0.1497906 0.2083392 0.9665183 0
-0.006014271 1.035022 0.009154839 1

0.121952 0.6196338 0.7753447 0
0.9922855 -0.06005855 -0.108083 0
-0.02040203 0.7825867 -0.6222063 0
-0.04790302 0.3443063 0.2416992 1

0.07515918 0.6739869 0.7348948 0
0.9934446 -0.1139359 0.002872769 0
0.08566865 0.7299022 -0.6781604 0
0.1134999 0.3668231 0.2282704 1

0.09114519 -0.9828709 0.1601806 0
0.986 0.1116231 0.1238726 0
-0.1396307 0.1466476 0.9792843 0
-0.02396097 1.17223 -0.02320266 1

0.0280516 0.5734164 -0.8187807 0
0.9949573 -0.09458005 -0.03214901 0
-0.09587544 -0.8137834 -0.5731902 0
-0.09328476 0.1137221 -0.04682951 1

-0.004177269 0.5868124 -0.8097085 0
0.9935749 0.09372909 0.06279279 0
0.1127453 -0.8042782 -0.5834462 0
0.08553106 0.1160127 -0.04520557 1

-0.02619147 -0.990135 -0.1376481 0
0.9995979 -0.02444501 -0.01436402 0
0.0108575 -0.1379692 0.990377 0
-0.04289611 1.376419 -0.0564797 1

0.9970815 0.05647439 -0.05137585 0
-0.03392797 -0.2750697 -0.9608254 0
-0.06839392 0.9597645 -0.2723509 0
-0.04289611 1.376419 -0.0564797 1

-0.9665308 0.1009236 0.235866 0
0.243414 0.07032461 0.9673696 0
0.08104317 0.9924058 -0.09253719 0
-0.04289611 1.376419 -0.0564797 1

-0.02856731 0.09240552 -0.9953035 0
-0.9992828 -0.02572164 0.02629607 0
-0.02316629 0.9953867 0.0930682 0
-0.09801447 0.01703672 0.09122755 1

0.05770471 0.09236998 -0.9940424 0
-0.9980763 0.02610658 -0.055508 0
0.02081931 0.9953809 0.09369309 0
0.0862354 0.0170687 0.09132169 1

-0.163759 -0.98168 -0.09740267 0
0.9755539 -0.1464828 -0.1638215 0
0.1465524 -0.1218489 0.9816696 0
-0.0411187 1.443611 -0.04713866 1

0.1355441 0.9894854 -0.05046495 0
-0.985374 0.1399402 0.09723677 0
0.1032764 0.03654686 0.9939811 0
-0.2100456 1.301215 -0.02759783 1

-0.451762 0.05768874 0.8902712 0
-0.6817758 -0.6659493 -0.3028095 0
0.5754068 -0.7437634 0.3401815 0
0.1185054 1.291028 -0.08944432 1

-0.1114763 0.3125728 -0.9433298 0
0.9755539 -0.1464832 -0.1638215 0
-0.189388 -0.9385313 -0.288602 0
-0.04111871 1.443611 -0.04713867 1

0.07345657 0.07275103 -0.9946414 0
-0.9794561 0.1930729 -0.05821313 0
0.1878031 0.9784837 0.08543884 0
-0.2427888 1.062186 -0.01540704 1

-0.234064 0.9526585 -0.1940533 0
-0.9369524 -0.274307 -0.2165084 0
-0.2594885 0.1311418 0.9568003 0
0.2276375 1.277091 -0.3045073 1

-0.1692543 -0.3414598 -0.9245313 0
0.169943 0.9139038 -0.3686462 0
0.9708103 -0.2195127 -0.09665336 0
-0.2624705 1.042693 0.251092 1

-0.2412445 0.9453254 -0.2194579 0
0.02602847 -0.2197528 -0.9752083 0
-0.9701154 -0.2409758 0.02840864 0
0.2903516 1.02184 -0.2525136 1

-0.98624 0.1643846 0.01755891 0
0.14398 0.9062719 -0.3974182 0
-0.08124248 -0.3894216 -0.9174696 0
-0.2242521 1.119025 0.3614464 1

-0.5743478 -0.8152177 -0.07446349 0
0.682736 -0.4268425 -0.5930241 0
0.4516594 -0.3914415 0.8017342 0
-0.2436255 1.074064 0.2757109 1

-0.9755729 0.2137869 -0.05052265 0
0.2191315 0.9308921 -0.2922701 0
-0.01545218 -0.2962019 -0.9550002 0
-0.23646 1.092163 0.3716542 1

-0.9748358 0.2222577 0.01722922 0
0.2170357 0.9638932 -0.1542911 0
-0.05089948 -0.146669 -0.9878753 0
-0.2463711 1.064641 0.3751984 1

-0.9829492 0.1608338 0.08912707 0
0.1586568 0.9868459 -0.03104004 0
-0.09294693 -0.01636993 -0.9955366 0
-0.255135 1.037249 0.3728192 1

0.9433001 0.3239771 -0.07228032 0
0.01398431 -0.2563437 -0.9664844 0
-0.3316474 0.9106743 -0.2463396 0
0.3124962 0.9001223 -0.1880167 1

0.2743403 0.3304861 -0.9030594 0
0.9276087 -0.3385395 0.1579053 0
-0.2535359 -0.8810055 -0.3994364 0
0.2898439 0.9900161 -0.2219792 1

0.9248346 0.3801952 -0.01155005 0
0.04102134 -0.129882 -0.9906805 0
-0.3781521 0.9157417 -0.1357156 0
0.3195865 0.8968199 -0.2182429 1

0.9485807 0.3162244 -0.01404402 0
-0.0148733 0.0002079271 -0.9998891 0
-0.3161864 0.9486848 0.00490027 0
0.3222434 0.8989528 -0.2475121 1

0.9627149 0.2563733 -0.08633372 0
-0.1141894 0.09580695 -0.9888285 0
-0.2452379 0.9618183 0.1215096 0
0.3219636 0.9061863 -0.2754466 1

-0.2260252 0.3732679 0.8997687 0
0.2156463 0.919928 -0.3274598 0
-0.9499524 0.1200178 -0.2884207 0
-0.1840335 1.112322 0.3607302 1

-0.5465758 -0.1175138 -0.8291232 0
0.7673891 0.3260507 -0.5520917 0
0.3352146 -0.9380203 -0.08803269 0
-0.2121731 1.118707 0.2797884 1

-0.2779661 0.3379484 0.8991806 0
0.2256691 0.9328465 -0.2808397 0
-0.9337067 0.1248536 -0.335564 0
-0.194844 1.083043 0.3738095 1

-0.2357618 0.2332693 0.9433991 0
0.2644932 0.9495203 -0.1686843 0
-0.9351257 0.2097535 -0.2855587 0
-0.2073021 1.055733 0.3745078 1

-0.189138 0.1817317 0.9649874 0
0.3001481 0.9463903 -0.1194003 0
-0.9349533 0.2670561 -0.2335448 0
-0.2243102 1.032206 0.3700241 1

0.5996805 -0.7834963 0.1628428 0
0.05232774 -0.164664 -0.9849607 0
0.7985274 0.5991828 -0.05774705 0
0.2740284 0.8869105 -0.1850691 1

0.1923351 0.9755178 -0.1066445 0
0.7864547 -0.218226 -0.5778118 0
-0.5869387 0.02726265 -0.8091724 0
0.2748202 0.971918 -0.172526 1

0.6369264 -0.7619854 0.1170627 0
0.04267927 -0.1167619 -0.9922423 0
0.7697427 0.6369817 -0.04184771 0
0.2801347 0.8806016 -0.2177503 1

0.5847246 -0.8110038 0.01925597 0
0.0366932 0.002728363 -0.9993227 0
0.8104021 0.5850354 0.03135379 0
0.2842265 0.8862793 -0.2469492 1

0.5355648 -0.8441837 -0.02291287 0
0.05373848 0.06114497 -0.9966812 0
0.8427831 0.5325562 0.07811219 0
0.2917733 0.8981466 -0.2727392 1

0.7869475 -0.03725809 0.6158943 0
0.3069721 0.889518 -0.3384174 0
-0.5352402 0.455379 0.7114409 0
-0.1760045 1.099062 0.3287685 1

0.1611228 0.732355 -0.661586 0
0.9746816 -0.01277675 0.2232309 0
0.1550315 -0.680804 -0.7158713 0
-0.1875482 1.124002 0.3171432 1

0.7655052 -0.02176286 0.6430615 0
0.2488163 0.931689 -0.2646623 0
-0.5933736 0.3626046 0.7186276 0
-0.1845152 1.070486 0.3403977 1

0.7902763 -0.1043268 0.6038043 0
0.2714654 0.9430287 -0.1923631 0
-0.5493363 0.315932 0.773574 0
-0.1990714 1.047589 0.3415732 1

0.8198745 -0.0807898 0.5668147 0
0.2592785 0.9350547 -0.24176 0
-0.5104709 0.3451756 0.7875747 0
-0.2191437 1.027241 0.3436641 1

-0.5215853 -0.8518798 0.04744056 0
0.1468477 -0.1444067 -0.9785614 0
0.8404675 -0.5034368 0.2004171 0
0.2527264 0.9147423 -0.1908537 1

-0.1629585 0.5083708 0.8455791 0
0.8130773 0.5546675 -0.1767768 0
-0.5588835 0.6587138 -0.5037322 0
0.266155 0.9279678 -0.1677214 1

-0.4890942 -0.8706169 0.05304254 0
0.05867427 -0.09351481 -0.9938872 0
0.8702557 -0.4829923 0.09682056 0
0.2564678 0.9089158 -0.2221001 1

-0.5467537 -0.8371729 -0.01424628 0
0.05249668 -0.01729416 -0.9984711 0
0.8356466 -0.5466658 0.05340459 0
0.2638132 0.914592 -0.2476216 1

-0.5792328 -0.8148905 0.02106071 0
0.05975281 -0.06821119 -0.9958797 0
0.8129696 -0.5755881 0.08820229 0
0.2771436 0.921207 -0.2721134 1

0.2069039 -0.9715738 0.1150446 0
0.9718597 0.2176368 0.09012724 0
-0.1126033 0.09315955 0.9892633 0
0.05506126 0.7176814 0.0368594 1

0.1545234 -0.9873843 0.0345708 0
0.982708 0.1572164 0.09781472 0
-0.1020159 0.01885833 0.9946041 0
0.01793049 0.8920392 0.0162136 1

0.04590126 0.8886703 -0.4562438 0
0.9981785 -0.0582238 -0.01298446 0
-0.03810418 -0.4548301 -0.8897501 0
-0.03234156 0.7642958 0.02745152 1

0.01402348 0.9143065 -0.404781 0
0.9874842 0.05083248 0.14903 0
0.1568397 -0.4018164 -0.9021768 0
0.1146934 0.7972226 0.04108709 1

0.1129274 -0.9700861 0.2148969 0
0.9854984 0.1369236 0.1002245 0
-0.1266509 0.2004624 0.9714804 0
-0.005252632 1.040176 0.01102695 1

0.1060966 0.6301885 0.7691453 0
0.9940384 -0.04896733 -0.09700223 0
-0.02346282 0.7748935 -0.6316553 0
-0.05376128 0.3495994 0.2403569 1

0.06117561 0.6764904 0.7338911 0
0.9943911 -0.1045319 0.01344871 0
0.08581456 0.7289928 -0.6791195 0
0.1081494 0.3705632 0.2299774 1

0.0802292 -0.9858993 0.1468545 0
0.9898322 0.0961612 0.1048101 0
-0.1174539 0.1369524 0.9835896 0
-0.02130071 1.178035 -0.01951202 1

0.02827222 0.5814837 -0.8130639 0
0.9949813 -0.09413001 -0.03272064 0
-0.09556103 -0.8080916 -0.5812392 0
-0.09324276 0.1150876 -0.04586481 1

-0.004854855 0.6034779 -0.7973617 0
0.9935734 0.09280173 0.06417824 0
0.112731 -0.7919591 -0.6000633 0
0.08538432 0.1188211 -0.04312511 1

-0.01868695 -0.9901388 -0.1388379 0
0.9996734 -0.01608086 -0.01986919 0
0.01744059 -0.1391639 0.9901156 0
-0.03796807 1.382853 -0.05002059 1

0.997788 0.06639121 -0.003324522 0
0.01240602 -0.2351154 -0.9718881 0
-0.06530661 0.9696975 -0.2354191 0
-0.03796807 1.382853 -0.05002059 1

-0.9667162 0.1040078 0.2337567 0
0.241176 0.06546709 0.9682705 0
0.08540416 0.9924197 -0.08837233 0
-0.03796807 1.382853 -0.05002059 1

-0.02821627 0.09240517 -0.9953136 0
-0.9992883 -0.02589472 0.02592709 0
-0.02337254 0.9953825 0.09306443 0
-0.09800968 0.01704202 0.09122836 1

0.05716032 0.09237105 -0.994074 0
-0.9981005 0.02640905 -0.0549331 0
0.02117415 0.9953728 0.09369943 0
0.0862029 0.01706703 0.09132029 1

-0.1322931 -0.9870084 -0.09117421 0
0.9812793 -0.1174242 -0.1526517 0
0.1399626 -0.1096622 0.9840652 0
-0.03669995 1.450045 -0.04059884 1

0.1289751 0.9915337 0.01504024 0
-0.9898324 0.1278072 0.06242438 0
0.05997356 -0.02293879 0.9979362 0
-0.2055158 1.305203 -0.03194096 1

-0.4446173 0.09701683 0.8904509 0
-0.6974398 -0.6612819 -0.2761951 0
0.5620437 -0.7438374 0.3616807 0
0.1231631 1.296922 -0.08290609 1

-0.1112046 0.3016717 -0.9469041 0
0.9812793 -0.1174246 -0.1526516 0
-0.1572404 -0.9461528 -0.282966 0
-0.03669996 1.450045 -0.04059884 1

0.1019624 0.1073152 -0.9889827 0
-0.9780946 0.1921793 -0.0799863 0
0.181478 0.9754745 0.1245593 0
-0.2366721 1.065678 -0.03557424 1

-0.2174479 0.9302217 -0.2956423 0
-0.9372824 -0.2835369 -0.2027524 0
-0.2724304 0.2330122 0.9335345 0
0.2305693 1.273486 -0.2980125 1

-0.1692135 -0.2914778 -0.941492 0
0.1718633 0.9319055 -0.3193988 0
0.970479 -0.2158548 -0.1075968 0
-0.2639915 1.036925 0.2294088 1

-0.241553 0.9431961 -0.2281092 0
0.02572105 -0.2287643 -0.9731417 0
-0.9700468 -0.2409325 0.03099886 0
0.2888314 1.024246 -0.2187994 1

-0.9859525 0.1650411 0.02567195 0
0.145907 0.9258632 -0.3485521 0
-0.081294 -0.3399099 -0.9369376 0
-0.2257136 1.107207 0.3436913 1

-0.5757719 -0.8090385 -0.1180814 0
0.6823835 -0.395951 -0.6144719 0
0.4503768 -0.4343728 0.7800518 0
-0.2451072 1.066907 0.2556734 1

-0.9751471 0.2179755 -0.0396772 0
0.2210275 0.9447157 -0.242197 0
-0.01530905 -0.2449474 -0.9694152 0
-0.2379774 1.079863 0.352448 1

-0.974443 0.2228281 0.02842962 0
0.2188929 0.9703335 -0.1026591 0
-0.05046153 -0.09381213 -0.9943102 0
-0.2479409 1.052209 0.3545168 1

-0.9827193 0.157682 0.09694786 0
0.1604685 0.9868047 0.02160278 0
-0.09226211 0.03678688 -0.9950551 0
-0.2567528 1.024999 0.3506785 1

0.943195 0.3235179 -0.0756273 0
0.01368883 -0.2652757 -0.9640753 0
-0.3319579 0.9082759 -0.2546354 0
0.311029 0.9031357 -0.1531868 1

0.2739267 0.322178 -0.9061819 0
0.9277484 -0.3368432 0.1606867 0
-0.2534713 -0.8847252 -0.39117 0
0.2883425 0.9927059 -0.1879716 1

0.9247388 0.380291 -0.01541259 0
0.04068689 -0.1390368 -0.9894508 0
-0.3784223 0.9143564 -0.1440457 0
0.3181089 0.8995554 -0.1833839 1

0.9484993 0.3163058 -0.01732386 0
-0.01524292 -0.009051505 -0.9998425 0
-0.3164128 0.9486142 -0.003764107 0
0.3207545 0.9014179 -0.2126725 1

0.9626211 0.255791 -0.08906126 0
-0.1145776 0.08662266 -0.9896303 0
-0.245424 0.9628436 0.1126924 0
0.3204627 0.9083924 -0.2406727 1

-0.2259897 0.3252891 0.9182131 0
0.2175481 0.9356455 -0.2779221 0
-0.9495268 0.1369482 -0.2822122 0
-0.1855066 1.100477 0.3426443 1

-0.5461965 -0.07222769 -0.834537 0
0.7683723 0.3535406 -0.533491 0
0.3335757 -0.9326268 -0.1376048 0
-0.2135768 1.111211 0.2621396 1

-0.2779931 0.2901468 0.9157153 0
0.2275606 0.9460471 -0.2306748 0
-0.9332393 0.1442551 -0.3290204 0
-0.1963795 1.070564 0.3541407 1

-0.2360103 0.1831857 0.954328 0
0.2663345 0.9566591 -0.1177675 0
-0.93454 0.2263765 -0.2745701 0
-0.2088877 1.043279 0.3533774 1

-0.1895004 0.1304872 0.9731715 0
0.3019495 0.9508456 -0.06869691 0
-0.9342995 0.2808308 -0.2195861 0
-0.2259352 1.020055 0.347638 1

0.5999296 -0.7818128 0.1698651 0
0.05200343 -0.173762 -0.9834136 0
0.7983615 0.5988122 -0.06358822 0
0.2725655 0.8899426 -0.1501027 1

0.1920609 0.9745343 -0.1157412 0
0.7862936 -0.2233784 -0.5760601 0
-0.5872443 0.01963239 -0.8091716 0
0.2733415 0.9750628 -0.1383474 1

0.637153 -0.7607182 0.1238742 0
0.04234105 -0.1259314 -0.9911347 0
0.769574 0.6367493 -0.04802822 0
0.2786612 0.883333 -0.1827265 1

0.5849268 -0.8106519 0.02654486 0
0.03632322 -0.006513687 -0.9993186 0
0.8102727 0.5854926 0.0256352 0
0.2827409 0.8887411 -0.2119782 1

0.5357592 -0.8442328 -0.01529677 0
0.05335559 0.05192913 -0.9972242 0
0.8426837 0.5334558 0.07286566 0
0.2902753 0.900371 -0.2378798 1

0.7864388 -0.07142597 0.6135243 0
0.3088262 0.9056929 -0.2904258 0
-0.5349208 0.4178746 0.7343302 0
-0.177479 1.088922 0.3100273 1

0.1629224 0.7662145 -0.6215881 0
0.9744973 -0.02643646 0.222835 0
0.1543071 -0.6420409 -0.750981 0
-0.188969 1.114465 0.2997381 1

0.7650059 -0.05735822 0.6414635 0
0.2506942 0.943988 -0.2145677 0
-0.5932266 0.3249568 0.7365357 0
-0.1860498 1.059783 0.3201144 1

0.7896553 -0.1377621 0.5978847 0
0.2733119 0.9514232 -0.1417538 0
-0.5493134 0.2753457 0.7889484 0
-0.2006483 1.036883 0.3200612 1

0.8193197 -0.1123454 0.5622221 0
0.2611471 0.9461108 -0.1915117 0
-0.5104088 0.3037318 0.804506 0
-0.2207588 1.01649 0.3210543 1

-0.5213622 -0.8515279 0.0555182 0
0.1465209 -0.1534239 -0.9772375 0
0.8406625 -0.5013601 0.2047558 0
0.2512547 0.9177146 -0.1561368 1

-0.1627683 0.5161372 0.8408977 0
0.8128781 0.5532004 -0.1822062 0
-0.5592283 0.65389 -0.5095999 0
0.2646887 0.9311569 -0.1331329 1

-0.488865 -0.8702047 0.06128092 0
0.05832989 -0.1026967 -0.9930007 0
0.8704075 -0.481869 0.1009638 0
0.2549858 0.9116001 -0.1873294 1

-0.5465572 -0.8373984 -0.006292481 0
0.0521318 -0.02652378 -0.9982877 0
0.8357978 -0.5459498 0.05815168 0
0.2623205 0.9170415 -0.2129049 1

-0.5790291 -0.8147974 0.02881836 0
0.05940131 -0.07741265 -0.9952276 0
0.8131404 -0.5745545 0.0932242 0
0.2756402 0.9234326 -0.2374619 1

0.1745613 -0.9795395 0.1001544 0
0.9808384 0.1819212 0.06971817 0
-0.08651195 0.08606517 0.9925265 0
0.04677639 0.7206984 0.03403897 1

0.1285273 -0.9915317 0.01860518 0
0.9886813 0.1295768 0.07562544 0
-0.07739586 0.008674661 0.9969628 0
0.01544979 0.8964857 0.01606536 1

0.04564434 0.8901361 -0.4534032 0
0.9977446 -0.06260677 -0.02246814 0
-0.04838712 -0.4513682 -0.8910123 0
-0.03909372 0.7704934 0.02715063 1

0.01559378 0.9089853 -0.4165372 0
0.9889609 0.04725704 0.1401499 0
0.1470829 -0.4141366 -0.8982403 0
0.1092997 0.7980167 0.03769846 1

0.09470527 -0.9753314 0.1993998 0
0.9906816 0.1120306 0.07745337 0
-0.09788162 0.1902065 0.9768525 0
-0.00383313 1.045245 0.01327403 1

0.08816301 0.6413611 0.762143 0
0.9956964 -0.03591625 -0.08495773 0
-0.02711147 0.7663949 -0.6417962 0
-0.06039355 0.355113 0.2387304 1

0.04510817 0.6778691 0.7337826 0
0.9952809 -0.09333186 0.02502164 0
0.08544808 0.7292317 -0.6789091 0
0.1020229 0.3738404 0.2320748 1

0.06584449 -0.9892465 0.1306006 0
0.9937575 0.07682449 0.08089495 0
-0.09005841 0.1244588 0.9881293 0
-0.01729167 1.183849 -0.01506263 1

0.02850359 0.5894879 -0.8072714 0
0.9950065 -0.09367101 -0.03326723 0
-0.09522993 -0.802325 -0.589227 0
-0.09320137 0.1164436 -0.04488555 1

-0.005553422 0.6198837 -0.7846709 0
0.9935764 0.09183513 0.06550883 0
0.1126722 -0.779299 -0.6164258 0
0.08523694 0.1215853 -0.04098732 1

-0.009422733 -0.9898748 -0.1416308 0
0.9996279 -0.005699037 -0.02667502 0
0.02559773 -0.1418294 0.9895601 0
-0.03097065 1.389362 -0.04219452 1

0.9968638 0.06966176 0.03754629 0
0.05044654 -0.1938346 -0.9797363 0
-0.06097235 0.9785581 -0.196741 0
-0.03097065 1.389362 -0.04219452 1

-0.9670509 0.1085139 0.2302984 0
0.2375929 0.05975728 0.9695249 0
0.09144481 0.9922974 -0.08357044 0
-0.03097065 1.389362 -0.04219452 1

-0.0278438 0.09239733 -0.9953247 0
-0.9992937 -0.02606745 0.02553664 0
-0.02358074 0.9953787 0.09305219 0
-0.09800734 0.01704834 0.09123094 1

0.05657403 0.09237273 -0.9941074 0
-0.9981264 0.02671036 -0.05431648 0
0.02153168 0.9953645 0.09370517 0
0.08617333 0.017065 0.09131825 1

-0.09291542 -0.991994 -0.08552602 0
0.9869867 -0.08044232 -0.1392342 0
0.1312395 -0.09735012 0.9865592 0
-0.03033121 1.456537 -0.03258323 1

0.1340398 0.9848096 0.1103802 0
-0.9909062 0.131875 0.02672026 0
0.01175798 -0.1129584 0.9935302 0
-0.1987094 1.310483 -0.03380353 1

-0.4446523 0.1531438 0.8825141 0
-0.7165648 -0.6519824 -0.2479 0
0.5374192 -0.7426079 0.3996429 0
0.1297988 1.302655 -0.07481153 1

-0.1103979 0.2905809 -0.9504603 0
0.9869867 -0.08044272 -0.1392341 0
-0.1169162 -0.953463 -0.2779188 0
-0.03033121 1.456537 -0.03258323 1

0.1299642 0.1529123 -0.9796568 0
-0.9744639 0.2021655 -0.09771983 0
0.1831101 0.9673406 0.1752815 0
-0.2310892 1.072583 -0.06046804 1

-0.1854871 0.8896684 -0.4172351 0
-0.9392912 -0.2852587 -0.1906819 0
-0.2886634 0.3565362 0.8885691 0
0.2372134 1.26566 -0.2880007 1

-0.169009 -0.223783 -0.9598735 0
0.1742591 0.951757 -0.2525734 0
0.9700876 -0.2099539 -0.1218593 0
-0.2659113 1.031612 0.2020162 1

-0.2411183 0.93637 -0.2550955 0
0.02620873 -0.2564723 -0.9661959 0
-0.9701417 -0.2396533 0.03729894 0
0.286912 1.027286 -0.1762085 1

-0.9856008 0.1650964 0.03653478 0
0.148316 0.9478516 -0.2821006 0
-0.08120317 -0.2726196 -0.9586891 0
-0.2275794 1.093549 0.3210113 1

-0.5774887 -0.7973281 -0.1754281 0
0.6820504 -0.3530907 -0.6404177 0
0.4486807 -0.4894851 0.7477238 0
-0.2469834 1.059618 0.2303494 1

-0.9746159 0.2224943 -0.02489971 0
0.2233817 0.9589624 -0.1746218 0
-0.01497424 -0.1757511 -0.9843208 0
-0.239913 1.065682 0.3278033 1

-0.9739636 0.222517 0.04338076 0
0.2211769 0.9746544 -0.03362343 0
-0.04976296 -0.02315289 -0.9984928 0
-0.2499408 1.037975 0.327904 1

-0.9824492 0.1527086 0.1071154 0
0.1626765 0.9824329 0.09144817 0
-0.09126861 0.1072686 -0.9900323 0
-0.2588105 1.011125 0.3221444 1

0.9433424 0.3209392 -0.08428327 0
0.01415975 -0.292706 -0.9560974 0
-0.3315195 0.900734 -0.2806664 0
0.3090329 0.9080925 -0.1071508 1

0.2745526 0.2960821 -0.914853 0
0.9275475 -0.3323992 0.1707851 0
