MeshAnim
1
60
53
30
0.01660616 -0.9666966 -0.255386 0
0.9989995 0.005433923 0.04438988 0
-0.04152383 -0.2558677 0.9658197 0
0.002980226 0.6578043 0.06507066 1

-0.01435414 -0.8546854 -0.5189481 0
0.9940245 -0.06836376 0.08509731 0
-0.1082087 -0.5146257 0.8505595 0
1.141661E-07 0.8312867 0.110902 1

0.004373826 0.7073741 -0.7068264 0
0.9956685 -0.06841652 -0.06230833 0
-0.09243651 -0.7035127 -0.70463 0
-0.07386318 0.7184542 0.08288461 1

-0.3783288 0.8932769 0.2427428 0
0.9212809 0.3887579 0.005267899 0
-0.08966506 0.225634 -0.9700657 0
0.07727785 0.7192763 0.08960047 1

-0.04497797 -0.9015175 -0.4303992 0
0.9909869 -0.09468294 0.09476245 0
-0.1261814 -0.4222578 0.8976507 0
0.002153679 0.9595151 0.1887598 1

0.04130413 0.7435557 0.6673806 0
0.9979508 0.001415553 -0.06333572 0
-0.04803688 0.6686644 -0.7420114 0
-0.07590418 0.3883594 0.4127239 1

0.3608669 -0.4467752 0.8186247 0
0.9213137 0.3067942 -0.2387078 0
-0.1445234 0.8403907 0.5223522 0
0.2538244 0.3024303 -0.02367502 1

-0.05233344 -0.7889114 -0.6122748 0
0.9829518 -0.1489091 0.1078516 0
-0.1762585 -0.5961922 0.7832546 0
0.008545507 1.08763 0.2499237 1

0.0325463 0.561094 -0.8271118 0
0.995135 -0.09482722 -0.02516631 0
-0.09255597 -0.822296 -0.5614643 0
-0.09127446 0.1116603 0.1643718 1

-0.01835293 0.5585226 0.8292781 0
0.9724472 0.2026163 -0.11496 0
-0.2322507 0.8043545 -0.5468651 0
0.1195353 0.4686885 -0.3283093 1

-0.08425803 -0.8605312 -0.5023811 0
0.9923362 -0.1181974 0.03602888 0
-0.0903841 -0.4954952 0.8638952 0
0.01941763 1.251524 0.377122 1

0.8419573 -0.2422123 0.4821212 0
0.5238122 0.5811565 -0.6227982 0
-0.1293385 0.7769108 0.6161829 0
0.01941763 1.251524 0.377122 1

-0.8932539 -0.1085042 0.436262 0
0.3721197 -0.7229612 0.5821115 0
0.2522389 0.6823152 0.6861645 0
0.01941763 1.251524 0.377122 1

-0.02302958 0.09240932 -0.9954504 0
-0.9994104 -0.02587834 0.02071761 0
-0.02384104 0.9953796 0.0929435 0
-0.09676205 0.01705268 0.3038336 1

-0.1222625 0.8799098 0.4591356 0
-0.9427975 -0.2474526 0.2232116 0
0.3100246 -0.4056022 0.8598548 0
0.1226298 0.3745145 -0.4681363 1

-0.1149388 -0.9907994 -0.07145327 0
0.9927902 -0.1121114 -0.04240886 0
0.03400795 -0.07581251 0.9965419 0
0.02513555 1.309921 0.4112145 1

0.3647718 -0.04067238 0.930208 0
-0.755182 0.5714713 0.3211243 0
-0.5446481 -0.8196135 0.1777416 0
-0.1175852 1.239165 0.2525984 1

-0.2529559 -0.2881906 0.9235579 0
-0.8179474 -0.4461165 -0.3632379 0
0.5166962 -0.8473055 -0.1228772 0
0.1566201 1.222407 0.2556458 1

-0.01073391 0.2692292 -0.9630161 0
0.9927902 -0.1121118 -0.04240874 0
-0.1193831 -0.9565282 -0.2660847 0
0.02513555 1.309921 0.4112145 1

0.4531308 0.8767877 -0.1609851 0
-0.7579422 0.4739969 0.4481637 0
0.4692507 -0.08105914 0.8793365 0
-0.2057028 1.24899 0.02788835 1

-0.4082619 0.9014974 -0.1436139 0
-0.8233351 -0.4315826 -0.3685861 0
-0.3942604 -0.03223712 0.918433 0
0.2177265 1.292025 0.0325417 1

0.325729 0.9209995 -0.2136832 0
0.5748053 -0.01346304 0.8181796 0
0.7506661 -0.3893308 -0.5337808 0
-0.3271125 1.014068 0.07102183 1

-0.3257291 0.6559821 -0.6808733 0
0.5748033 -0.4343772 -0.6934823 0
-0.7506678 -0.6172556 -0.2355714 0
0.3271145 1.050482 0.07102098 1

0.367906 0.8805005 -0.2989388 0
0.4815309 0.09461609 0.8713071 0
0.7954704 -0.4645072 -0.3891783 0
-0.3432273 0.8858908 0.1237131 1

-0.7474599 0.2063733 -0.6314377 0
0.6641684 0.2515658 -0.703985 0
0.01356444 -0.9455817 -0.3251021 0
-0.3191728 0.9764793 0.09268866 1

0.2484758 0.9686321 -0.003409485 0
0.5418248 -0.1360706 0.8294038 0
0.8029231 -0.2079342 -0.5586392 0
-0.3653182 0.8906614 0.1021714 1

0.1328346 0.9558147 0.2622475 0
0.4870385 -0.2933908 0.822627 0
0.8632197 0.01845129 -0.5044909 0
-0.3818999 0.8997501 0.07957207 1

-0.003935312 0.9086267 0.4175913 0
0.3859456 -0.3838591 0.8388671 0
0.9225132 0.1644688 -0.3491698 0
-0.3940952 0.9129835 0.05701342 1

-0.3679065 0.5755783 -0.7303113 0
0.4815283 -0.5539551 -0.6791646 0
-0.7954718 -0.6015348 -0.0733536 0
0.3432297 0.97169 0.1850282 1

0.7474576 -0.1708793 -0.641956 0
0.6641715 0.172493 0.7274088 0
-0.01356638 -0.9700758 0.242424 0
0.3191751 1.030761 0.109666 1

-0.2484754 0.8104652 -0.530477 0
0.5418211 -0.3376697 -0.7696813 0
-0.8029259 -0.4786709 -0.3552246 0
0.3653204 0.9639565 0.1643641 1

-0.1328329 0.9444209 -0.3007079 0
0.4870379 -0.2020434 -0.8496894 0
-0.8632204 -0.259323 -0.4331306 0
0.3819021 0.9592687 0.140461 1

0.003936368 0.9894639 -0.144729 0
0.3859455 -0.1350199 -0.9125873 0
-0.9225133 -0.05226533 -0.3824105 0
0.3940972 0.9580787 0.1143344 1

0.1402211 0.9755819 -0.1690515 0
0.3836688 0.1038615 0.9176117 0
0.912763 -0.1935282 -0.3597368 0
-0.3582304 0.8499842 0.1359037 1

-0.6831384 0.5068135 -0.5257963 0
0.6817191 0.7007452 -0.2102741 0
0.2618796 -0.5020921 -0.8242106 0
-0.2782404 0.9651781 0.1272673 1

-0.0149904 0.9849092 0.1724213 0
0.5300714 -0.1383871 0.8365843 0
0.8478205 0.103936 -0.5199976 0
-0.3759177 0.8493415 0.1023168 1

-0.09758274 0.9113229 0.399961 0
0.47071 -0.3118248 0.8253466 0
0.8768748 0.2688054 -0.3985398 0
-0.3872235 0.8614434 0.06906181 1

-0.2724844 0.7930357 0.5448365 0
0.3655807 -0.4384617 0.8210374 0
0.8900015 0.4229017 -0.1704443 0
-0.3939717 0.8844895 0.04391793 1

-0.1402215 0.7260664 -0.6731759 0
0.3836664 -0.5869302 -0.712961 0
-0.9127641 -0.3582477 -0.1962671 0
0.3582329 0.9482179 0.2148103 1

0.6831408 0.1386239 -0.7170092 0
0.6817172 -0.4731286 0.5580426 0
-0.2618798 -0.8700194 -0.4177157 0
0.2782426 1.040119 0.1448207 1

0.0149917 0.9198909 -0.3918879 0
0.5300639 -0.3396391 -0.7769669 0
-0.8478254 -0.1960779 -0.4926925 0
0.3759197 0.9293836 0.1869932 1

0.09758504 0.9821214 -0.1609829 0
0.4707103 -0.1880661 -0.8620111 0
-0.8768745 0.008342906 -0.4806468 0
0.3872258 0.9214185 0.1525127 1

0.2724861 0.9618366 0.02494486 0
0.3655804 -0.07951717 -0.9273767 0
-0.8900014 0.2618167 -0.3732957 0
0.3939739 0.9270496 0.118873 1

-0.05955858 0.993931 -0.092489 0
0.3042935 0.1063213 0.9466263 0
0.9507145 0.02823608 -0.308779 0
-0.3632113 0.8153294 0.1419089 1

-0.4007148 0.8561839 -0.3261543 0
0.9095212 0.4146479 -0.02895451 0
0.110449 -0.308247 -0.944873 0
-0.247463 0.9423445 0.1509561 1

-0.2377457 0.9290507 0.2834466 0
0.5206529 -0.1244596 0.8446479 0
0.8199984 0.3483886 -0.4541233 0
-0.3753608 0.812744 0.09591004 1

-0.279285 0.8372526 0.4701151 0
0.4655913 -0.3101097 0.8288885 0
0.8397763 0.4503779 -0.3032084 0
-0.383817 0.8296284 0.05509898 1

-0.4652808 0.6611509 0.5885518 0
0.3760276 -0.4542938 0.8076017 0
0.8013218 0.5970734 -0.03723653 0
-0.3865283 0.8628265 0.0290349 1

0.05955831 0.7831581 -0.6189635 0
0.3042912 -0.6047973 -0.7359535 0
-0.9507154 -0.1445131 -0.2743287 0
0.3632138 0.9224262 0.2387231 1

0.400717 0.5403638 -0.7398872 0
0.9095204 -0.3319663 0.250143 0
-0.1104496 -0.7731794 -0.6244963 0
0.2474651 1.033873 0.1771243 1

0.2377474 0.9335215 -0.2683537 0
0.5206422 -0.3557102 -0.7761453 0
-0.8200046 0.04481011 -0.5705997 0
0.3753625 0.895202 0.201555 1

0.2792872 0.958217 -0.06180339 0
0.4655925 -0.191434 -0.8640466 0
-0.8397751 0.2125423 -0.4996036 0
0.3838192 0.8871319 0.1581328 1

0.4652831 0.8750457 0.1334431 0
0.3760264 -0.05892202 -0.9247336 0
-0.8013214 0.480441 -0.3564556 0
0.3865304 0.9007754 0.1181916 1

0.02099558 -0.9674997 -0.2519994 0
0.9989709 0.01016577 0.04420077 0
-0.04020249 -0.2526682 0.9667176 0
0.001593225 0.6576601 0.06304152 1

-0.0008406867 -0.8428903 -0.5380854 0
0.9929644 -0.06441864 0.0993579 0
-0.1184105 -0.534216 0.8370141 0
-0.002174607 0.8312867 0.1082651 1

0.001691962 0.7046031 -0.7096002 0
0.9958564 -0.06538921 -0.06255422 0
-0.09047864 -0.7065746 -0.7018146 0
-0.07552449 0.7180195 0.08065586 1

-0.3658533 0.8995411 0.2387 0
0.9274597 0.3735623 0.01373957 0
-0.07681219 0.2264179 -0.9709855 0
0.07561222 0.7195575 0.08734311 1

-0.03150953 -0.8930632 -0.4488271 0
0.9892926 -0.09188936 0.1133862 0
-0.1425034 -0.4404486 0.8863962 0
-0.002048464 0.9577454 0.188994 1

0.04020261 0.7458619 0.6648697 0
0.9979199 0.003053399 -0.06376207 0
-0.04958646 0.6660855 -0.7442258 0
-0.07631402 0.3892178 0.4117895 1

0.3402134 -0.46639 0.8165261 0
0.9295914 0.2975327 -0.2173857 0
-0.1415787 0.8330323 0.5347973 0
0.246337 0.2997883 -0.02404581 1

-0.03015381 -0.7698832 -0.6374725 0
0.9795991 -0.1495344 0.1342573 0
-0.1986863 -0.6204191 0.7586858 0
0.002429365 1.084659 0.2527768 1

0.03254776 0.5610942 -0.8271116 0
0.9951349 -0.09482711 -0.02516432 0
-0.0925546 -0.8222957 -0.5614645 0
-0.09127438 0.1116605 0.1643718 1

-0.006869052 0.4559702 0.88996 0
0.980481 0.1777715 -0.08352817 0
-0.1963153 0.872053 -0.4483007 0
0.1197337 0.4733458 -0.3278991 1

-0.058174 -0.8417633 -0.5367035 0
0.9930618 -0.1038297 0.0552066 0
-0.1021966 -0.529768 0.8419631 0
0.008693743 1.2446 0.3852098 1

0.8326377 -0.2490873 0.4946416 0
0.5332321 0.6018201 -0.5945385 0
-0.1495931 0.7587942 0.6339196 0
0.008693743 1.2446 0.3852098 1

-0.9092414 -0.1188876 0.3989312 0
0.3493918 -0.7389254 0.5761203 0
0.2262868 0.6632159 0.7133999 0
0.008693743 1.2446 0.3852098 1

-0.02302765 0.09240972 -0.9954503 0
-0.9994106 -0.02587844 0.02071559 0
-0.02384153 0.9953794 0.09294362 0
-0.09676223 0.01705274 0.3038336 1

-0.09244869 0.8183488 0.5672315 0
-0.9536284 -0.2365596 0.1858909 0
0.2863148 -0.523768 0.8022918 0
0.120892 0.3964634 -0.4779578 1

-0.08889865 -0.9888538 -0.1194375 0
0.995737 -0.08526972 -0.03516863 0
0.02459221 -0.1220547 0.9922187 0
0.01264154 1.301723 0.4216314 1

0.3148229 -0.117354 0.9418677 0
-0.7634344 0.558309 0.3247446 0
-0.5639631 -0.8212913 0.08617621 0
-0.1253259 1.23464 0.2572714 1

-0.2734758 -0.3734193 0.886436 0
-0.8088689 -0.4094264 -0.4220201 0
0.5205209 -0.832423 -0.1900793 0
0.1504012 1.218561 0.2682921 1

-0.006624402 0.3141851 -0.9493384 0
0.995737 -0.08527015 -0.03516848 0
-0.09199959 -0.9455246 -0.312281 0
0.01264154 1.301723 0.4216314 1

0.4848564 0.8737726 -0.03789594 0
-0.7733481 0.4485624 0.448023 0
0.408469 -0.1879199 0.8932186 0
-0.2013774 1.262989 0.02974473 1

-0.4241883 0.9044398 0.04531465 0
-0.8398318 -0.3741826 -0.3932806 0
-0.3387426 -0.2048815 0.9183012 0
0.2164646 1.308768 0.05415546 1

0.3208073 0.91879 -0.2300166 0
0.5735952 0.00478772 0.8191252 0
0.7537048 -0.3947181 -0.5254776 0
-0.3312874 1.028875 0.03989841 1

-0.316613 0.6596398 -0.6816389 0
0.5701318 -0.4419798 -0.6925347 0
-0.7580938 -0.6078894 -0.2361451 0
0.3301199 1.066436 0.04201413 1

0.3541545 0.88295 -0.3081789 0
0.4798438 0.1112855 0.8702676 0
0.8026981 -0.4560871 -0.3842657 0
-0.3467536 0.9015924 0.09490157 1

-0.7463515 0.1961268 -0.6359985 0
0.6653668 0.2424168 -0.7060602 0
0.01569929 -0.9501417 -0.3114246 0
-0.3231674 0.9917348 0.06226056 1

0.2350291 0.9718674 -0.0153281 0
0.5416179 -0.1178534 0.8323227 0
0.8071005 -0.2039224 -0.5540797 0
-0.3688377 0.9058417 0.07324403 1

0.1194143 0.9612467 0.2484871 0
0.4877641 -0.2747909 0.8285989 0
0.8647693 0.02225651 -0.5016754 0
-0.3854356 0.9144207 0.05045818 1

-0.01668129 0.9152859 0.4024599 0
0.3871157 -0.3652109 0.8466187 0
0.9218801 0.169921 -0.3482288 0
-0.397671 0.9271694 0.02764351 1

-0.3485335 0.5898073 -0.7284587 0
0.4756231 -0.5584037 -0.6796831 0
-0.8076555 -0.583364 -0.0859037 0
0.3451027 0.9875134 0.1560851 1

0.7445077 -0.1747463 -0.6443393 0
0.6672672 0.1636381 0.7266209 0
-0.02153586 -0.9709208 0.2384317 0
0.3218856 1.046839 0.08066048 1

-0.2279657 0.8187375 -0.5269729 0
0.5388534 -0.3446981 -0.7686487 0
-0.8109679 -0.4591869 -0.3626001 0
0.3671194 0.9794905 0.1354524 1

-0.1113939 0.9481164 -0.2977704 0
0.485902 -0.2094136 -0.8485549 0
-0.8668855 -0.2392111 -0.4373641 0
0.38367 0.9745805 0.1115723 1

0.02494387 0.9893834 -0.1431748 0
0.3856766 -0.1416565 -0.9116948 0
-0.9222971 -0.03247808 -0.3851153 0
0.395881 0.9732219 0.08546128 1

0.1196558 0.9769144 -0.1769782 0
0.3818142 0.1192699 0.9165114 0
0.9164607 -0.1772388 -0.3587281 0
-0.3611959 0.8655857 0.1074689 1

-0.6815896 0.5008693 -0.5334468 0
0.6827959 0.6974726 -0.2175364 0
0.2631069 -0.512506 -0.8173818 0
-0.2822958 0.9809947 0.09708887 1

-0.03367934 0.9861314 0.1625129 0
0.5298802 -0.1202518 0.8395037 0
0.8474033 0.1143859 -0.5184817 0
-0.3788636 0.8643837 0.07389785 1

-0.1160271 0.9140528 0.3886459 0
0.4716974 -0.2936399 0.8314308 0
0.8740931 0.2797918 -0.3970858 0
-0.3902215 0.8758963 0.04049938 1

-0.2887352 0.7959015 0.5321404 0
0.3677209 -0.4209925 0.8291845 0
0.8839756 0.4350938 -0.171114 0
-0.3971477 0.8984665 0.0150225 1

-0.1116907 0.737334 -0.6662309 0
0.3773528 -0.5887411 -0.7148353 0
-0.9193099 -0.3312446 -0.2124782 0
0.359316 0.963461 0.1857917 1

0.6814013 0.1391229 -0.7185665 0
0.6807749 -0.480999 0.5524368 0
-0.268773 -0.865613 -0.4224649 0
0.2811148 1.056409 0.1159456 1

0.04257917 0.9227895 -0.3829453 0
0.527099 -0.3463585 -0.7760174 0
-0.8487368 -0.1688079 -0.5011488 0
0.3768438 0.9445646 0.1579321 1

0.125421 0.9801983 -0.1532371 0
0.4699654 -0.1947274 -0.860938 0
-0.8737289 0.03596368 -0.4850819 0
0.3881344 0.9365823 0.1235062 1

0.2976882 0.9541746 0.03054501 0
0.3668037 -0.08478096 -0.9264273 0
-0.8813836 0.2869905 -0.3752328 0
0.3950987 0.9421954 0.0899512 1

-0.08600014 0.991414 -0.09850313 0
0.3023009 0.1201752 0.945607 0
0.9493249 0.05154477 -0.3100401 0
-0.3654464 0.8308836 0.1137556 1

-0.3974659 0.853963 -0.3358099 0
0.9108582 0.4115046 -0.03164191 0
0.1111661 -0.318452 -0.9413981 0
-0.2515881 0.958429 0.1211224 1

-0.2601667 0.9253147 0.2758731 0
0.5200894 -0.1064285 0.847455 0
0.8135232 0.3639579 -0.4535573 0
-0.3776124 0.827741 0.06785922 1

-0.301675 0.8347353 0.4606623 0
0.4664954 -0.2921513 0.834883 0
0.8314888 0.4667602 -0.3012649 0
-0.3861709 0.843986 0.02693146 1

-0.4836018 0.6579283 0.5772865 0
0.3787477 -0.4373009 0.8156707 0
0.7891003 0.6131057 -0.03770902 0
-0.3892604 0.8767253 0.0004862699 1

0.09554577 0.7892866 -0.6065456 0
0.2977033 -0.6041027 -0.7392115 0
-0.9498655 -0.1099422 -0.2926926 0
0.3632834 0.9372691 0.2094578 1

0.399246 0.5454496 -0.7369448 0
0.9094314 -0.3376041 0.2428145 0
-0.1163524 -0.7671435 -0.6308361 0
0.2504157 1.050141 0.1483194 1

0.2699923 0.9288172 -0.2537774 0
0.5171358 -0.3622065 -0.7754852 0
-0.8122036 0.07813755 -0.5781174 0
0.3752616 0.9102753 0.1721616 1

0.3117977 0.9488589 -0.04949193 0
0.4647285 -0.1977302 -0.8630936 0
-0.8287398 0.2461104 -0.5026133 0
0.383756 0.9023627 0.128856 1

0.4925235 0.8585811 0.1423351 0
0.378078 -0.06377463 -0.9235746 0
-0.7838863 0.508696 -0.3560208 0
0.3869668 0.9161305 0.08911673 1

0.02484044 -0.969935 -0.2420933 0
0.9989397 0.01469322 0.04363031 0
-0.03876146 -0.2429203 0.9692716 0
0.0004861848 0.669441 0.05678045 1

0.00935445 -0.8387743 -0.5443993 0
0.9921417 -0.06014501 0.1097154 0
-0.1247693 -0.5411475 0.8316202 0
-0.003971644 0.8435047 0.1002263 1

0.000584509 0.7112307 -0.7029588 0
0.9959752 -0.06309946 -0.06301381 0
-0.08917619 -0.7001129 -0.7084258 0
-0.07686996 0.7296624 0.0738119 1

-0.3576306 0.9082537 0.2171991 0
0.9316269 0.3629394 0.01628606 0
-0.06404004 0.208179 -0.9759806 0
0.07426203 0.7318854 0.08041284 1

-0.02072414 -0.8887604 -0.4579037 0
0.9879485 -0.08847239 0.1270056 0
-0.1533893 -0.4497532 0.8798829 0
-0.005375076 0.9693459 0.1819025 1

0.03799339 0.7689649 0.6381435 0
0.997925 0.003526552 -0.06365864 0
-0.05120067 0.6392724 -0.7672738 0
-0.07714269 0.3977679 0.4018463 1

0.3247701 -0.4794399 0.8152556 0
0.9356029 0.2888076 -0.2028776 0
-0.1382057 0.8286834 0.5423817 0
0.2411498 0.3080505 -0.02094271 1

-0.0127569 -0.7574834 -0.6527302 0
0.9768712 -0.1487875 0.1535736 0
-0.2134475 -0.6356741 0.7418616 0
-0.002429958 1.095648 0.2469751 1

0.03336925 0.5610982 -0.8270756 0
0.9951724 -0.09471129 -0.02409717 0
-0.09185666 -0.822306 -0.5615636 0
-0.09128095 0.1116134 0.1643742 1

-0.0005186296 0.3422315 0.9396061 0
0.987885 0.1457541 -0.05255388 0
-0.1549585 0.9282359 -0.3381672 0
0.1202933 0.4864642 -0.3243233 1

-0.03598115 -0.8283482 -0.5590571 0
0.9933248 -0.09099406 0.07089393 0
-0.1095957 -0.5527743 0.8260927 0
0.0002202697 1.253012 0.3825779 1

0.839217 -0.2374729 0.489205 0
0.5194283 0.6163415 -0.591876 0
-0.1609628 0.7508197 0.6405945 0
0.0002202697 1.253012 0.3825779 1

-0.9266618 -0.112357 0.3587111 0
0.3168144 -0.7470321 0.5844411 0
0.2023026 0.6552242 0.7278426 0
0.0002202697 1.253012 0.3825779 1

-0.02197099 0.09240738 -0.9954742 0
-0.9994292 -0.02599473 0.01964379 0
-0.02405719 0.9953765 0.09291836 0
-0.0969073 0.017005 0.30383 1

-0.06083398 0.727751 0.683131 0
-0.9646037 -0.2186884 0.1470961 0
0.2564531 -0.6500325 0.7153136 0
0.1203808 0.4287596 -0.4827529 1

-0.06496432 -0.9860829 -0.1530356 0
0.9977411 -0.06155986 -0.02688606 0
0.01709103 -0.1544364 0.9878547 0
0.002662021 1.309226 0.4205165 1

0.3068943 -0.1515979 0.9395924 0
-0.7750965 0.5330894 0.3391768 0
-0.5523052 -0.8323665 0.04609888 0
-0.1341342 1.241577 0.255115 1

-0.3323539 -0.4035924 0.8524397 0
-0.7984812 -0.3606239 -0.4820556 0
0.5019642 -0.8408704 -0.2024066 0
0.1465311 1.226385 0.2716145 1

-0.003978039 0.3453896 -0.9384509 0
0.9977411 -0.06156024 -0.0268861 0
-0.0670574 -0.9364381 -0.3443647 0
0.002662021 1.309226 0.4205165 1

0.4757645 0.8782938 0.04741552 0
-0.7974085 0.4079448 0.4446574 0
0.371197 -0.2493617 0.8944448 0
-0.2082705 1.278199 0.02813803 1

-0.3967529 0.8991318 0.1847946 0
-0.8603994 -0.2941276 -0.4161748 0
-0.3198432 -0.3241155 0.8903084 0
0.2268178 1.323881 0.06569047 1

0.3062829 0.9097425 -0.2802843 0
0.5698475 0.06063423 0.8195106 0
0.7625383 -0.4107215 -0.4998431 0
-0.3357444 1.042873 0.01543378 1

-0.2891764 0.6676817 -0.6859865 0
0.5581279 -0.4646049 -0.687485 0
-0.7777342 -0.5816728 -0.2382989 0
0.3331221 1.082971 0.01617738 1

0.3122922 0.8877637 -0.338156 0
0.4749718 0.162362 0.8648934 0
0.8227243 -0.4307141 -0.3709581 0
-0.3493042 0.91864 0.0774627 1

-0.7430435 0.1641667 -0.6487957 0
0.6688873 0.2137823 -0.7119598 0
0.02182067 -0.9629886 -0.2686587 0
-0.3270977 1.007194 0.03987909 1

0.1946098 0.9794295 -0.05333492 0
0.5408581 -0.06178755 0.8388414 0
0.8182905 -0.1920936 -0.5417566 0
-0.3713617 0.9212871 0.05552502 1

0.07934468 0.9755608 0.2049054 0
0.4896661 -0.2171878 0.8444268 0
0.868292 0.03333452 -0.4949315 0
-0.3880021 0.9282866 0.03223571 1

-0.05457189 0.933324 0.354864 0
0.3903013 -0.3071797 0.8679318 0
0.9190683 0.1858685 -0.3475137 0
-0.4003507 0.9395214 0.008697813 1

-0.2882597 0.626961 -0.7237578 0
0.4607407 -0.5717792 -0.6788129 0
-0.8394191 -0.5291396 -0.1240455 0
0.34465 1.004025 0.1306329 1

0.7374736 -0.1856583 -0.6493566 0
0.6739593 0.1400557 0.7253711 0
-0.04372548 -0.9725819 0.2284132 0
0.3239782 1.063832 0.05484858 1

-0.1663222 0.8390059 -0.5180784 0
0.5319384 -0.3660511 -0.763576 0
-0.8302882 -0.4025857 -0.3854167 0
0.3664876 0.9951473 0.1101608 1

-0.0484206 0.9555517 -0.2908196 0
0.4841671 -0.2322131 -0.843599 0
-0.8736345 -0.1816532 -0.4514026 0
0.3829913 0.9895604 0.08639731 1

0.08573656 0.9863953 -0.1402615 0
0.3865085 -0.1626842 -0.9078243 0
-0.918292 0.02362113 -0.3951979 0
0.3952967 0.9876671 0.06036401 1

0.05765067 0.9775604 -0.2026141 0
0.3766773 0.1666522 0.9112309 0
0.9245487 -0.1288532 -0.3586168 0
-0.3620392 0.8824372 0.09125266 1

-0.6769009 0.481763 -0.5565158 0
0.6861205 0.6867452 -0.2400417 0
0.2665409 -0.5443213 -0.7954056 0
-0.2864072 0.9982037 0.07540822 1

-0.08933954 0.9873413 0.1310555 0
0.5291885 -0.064418 0.8460554 0
0.8437877 0.144939 -0.5167344 0
-0.3796635 0.8795065 0.05780013 1

-0.1706597 0.919936 0.3529778 0
0.4744493 -0.2372479 0.8477091 0
0.8635815 0.3121401 -0.395974 0
-0.3911821 0.8891885 0.02402357 1

-0.3365087 0.8024383 0.4928028 0
0.373953 -0.3664179 0.8519961 0
0.8642457 0.4709891 -0.176771 0
-0.3986391 0.910253 -0.002430577 1

-0.02503394 0.7638471 -0.644911 0
0.3618804 -0.5944381 -0.7181131 0
-0.9318885 -0.2513583 -0.2615399 0
0.3564053 0.9784577 0.1601478 1

0.6777311 0.1410208 -0.7216603 0
0.6773481 -0.5016599 0.5380858 0
-0.286147 -0.8534932 -0.4355107 0
0.2835927 1.073999 0.09040849 1

0.1238624 0.9259104 -0.356858 0
0.5202597 -0.3668316 -0.77121 0
-0.844978 -0.09013555 -0.5271502 0
0.3735825 0.9593568 0.132261 1

0.2060756 0.9697157 -0.1310898 0
0.4695373 -0.2155267 -0.8562025 0
-0.8585263 0.1148909 -0.4997322 0
0.384932 0.9512642 0.09805273 1

0.369343 0.9281322 0.04643086 0
0.3723047 -0.1020073 -0.9224877 0
-0.8514544 0.3580007 -0.3832232 0
0.392608 0.9567341 0.06476258 1

-0.1648173 0.979292 -0.1175701 0
0.2970406 0.1629488 0.9408585 0
0.9405328 0.1201468 -0.3177458 0
-0.3640871 0.8477121 0.09844994 1

-0.3875702 0.8461862 -0.3657305 0
0.9148701 0.4017681 -0.03993629 0
0.113145 -0.3500743 -0.9298638 0
-0.2559108 0.9764988 0.1004811 1

-0.3259968 0.911079 0.2523114 0
0.5183123 -0.05095375 0.853672 0
0.7906187 0.4090704 -0.4556125 0
-0.3763438 0.8428188 0.05293044 1

-0.3671103 0.8241073 0.4313666 0
0.4690572 -0.2364557 0.850925 0
0.8032525 0.5147195 -0.2997478 0
-0.3852243 0.8570729 0.01170092 1

-0.5364669 0.6457126 0.5433763 0
0.3868192 -0.384109 0.8383502 0
0.750049 0.659936 -0.0437118 0
-0.3894469 0.8883331 -0.01589224 1

0.2027613 0.7981398 -0.5673275 0
0.2820611 -0.6024107 -0.7466882 0
-0.9377257 -0.008621898 -0.3472694 0
0.3572944 0.9513239 0.1830565 1

0.3957145 0.5602276 -0.7277055 0
0.9090638 -0.3514874 0.2237392 0
-0.1304347 -0.7500678 -0.6483714 0
0.2530589 1.067646 0.1229217 1

0.3629386 0.9078305 -0.2100453 0
0.5087649 -0.3819129 -0.7715573 0
-0.7806624 0.173164 -0.6004828 0
0.3689799 0.9249516 0.1455212 1

0.4042848 0.9145398 -0.01307493 0
0.4640646 -0.2174227 -0.8587033 0
-0.7881609 0.3410931 -0.5123057 0
0.3777379 0.9174106 0.1026292 1

0.5680333 0.8055416 0.1686436 0
0.3861837 -0.0799334 -0.9189518 0
-0.7267739 0.5871224 -0.3564915 0
0.3825187 0.9313807 0.06349415 1

0.02816229 -0.9738122 -0.2256026 0
0.9989084 0.01900218 0.04267216 0
-0.03726775 -0.226558 0.9732843 0
-0.0005691819 0.6934672 0.04626988 1

0.01737519 -0.8420643 -0.5390974 0
0.9914404 -0.05526916 0.1182841 0
-0.1293983 -0.5365381 0.8338961 0
-0.005623145 0.8682266 0.0867563 1

0.0009999007 0.7291221 -0.6843829 0
0.9960413 -0.06124518 -0.06379362 0
-0.08843106 -0.6816297 -0.7263182 0
-0.0781298 0.7536924 0.06233047 1

-0.356463 0.9199243 0.1633207 0
0.9328656 0.360018 0.008222312 0
-0.05123596 0.1552918 -0.9865278 0
0.07299746 0.7565672 0.06878644 1

-0.01151029 -0.8888199 -0.4581122 0
0.9867877 -0.08414156 0.1384561 0
-0.1616088 -0.4504657 0.878045 0
-0.008229929 0.9945614 0.167637 1

0.0341017 0.8110253 0.5839975 0
0.9979092 0.00403939 -0.06387559 0
-0.05416306 0.5849879 -0.8092309 0
-0.07859637 0.4134488 0.3816965 1

0.3179951 -0.4730896 0.8216119 0
0.9382341 0.2814248 -0.2010942 0
-0.1361075 0.8348507 0.5333793 0
0.2393403 0.3272862 -0.007426878 1

0.001975983 -0.7521285 -0.6590137 0
0.9744825 -0.1464712 0.1700885 0
-0.2244549 -0.6425333 0.7326462 0
-0.006594191 1.120872 0.2327393 1

0.03301494 0.5610996 -0.8270888 0
0.9951492 -0.09482647 -0.02460219 0
-0.09223653 -0.8222923 -0.5615217 0
-0.0912864 0.1116425 0.1643737 1

-0.0008694277 0.2601958 0.9655454 0
0.9925685 0.1174117 -0.0307547 0
-0.121392 0.9583851 -0.2583687 0
0.1210051 0.5033368 -0.3131729 1

-0.01564452 -0.818462 -0.5743476 0
0.9932799 -0.07860158 0.08495377 0
-0.114676 -0.5691586 0.8141912 0
-0.007004681 1.277124 0.3696474 1

0.8580071 -0.2070629 0.4700517 0
0.4858585 0.6240624 -0.6119533 0
-0.1666289 0.7534394 0.6360536 0
-0.007004681 1.277124 0.3696474 1

-0.9458489 -0.08955318 0.3120096 0
0.2709581 -0.7471102 0.6069656 0
0.1787498 0.6586397 0.7309187 0
-0.007004681 1.277124 0.3696474 1

-0.02246491 0.09241629 -0.9954619 0
-0.9994218 -0.02587909 0.02015023 0
-0.02389485 0.9953789 0.09293673 0
-0.09685303 0.01703367 0.3038317 1

-0.03712603 0.6368921 0.7700501 0
-0.9724684 -0.2002896 0.1187892 0
0.2299038 -0.7444741 0.6268095 0
0.1211517 0.4594646 -0.4759762 1

-0.04205805 -0.9823856 -0.1820695 0
0.9990579 -0.03940173 -0.01818428 0
0.01069013 -0.1826626 0.9831173 0
-0.005943005 1.332666 0.4086236 1

0.3296961 -0.1539788 0.9314451 0
-0.7881332 0.4982764 0.3613403 0
-0.519756 -0.8532356 0.04292371 0
-0.1441629 1.260256 0.245826 1

-0.4084944 -0.3911124 0.8247195 0
-0.7850327 -0.3104323 -0.5360551 0
0.4656779 -0.8664078 -0.1802266 0
0.1441661 1.246331 0.2665554 1

-0.002207897 0.3723365 -0.9280946 0
0.9990579 -0.03940216 -0.01818416 0
-0.04333954 -0.9272606 -0.371899 0
-0.005943006 1.332666 0.4086236 1

0.4341453 0.8966959 0.08633897 0
-0.8247687 0.3571053 0.438443 0
0.3623179 -0.2615573 0.8946019 0
-0.2238074 1.297453 0.02081708 1

-0.3469628 0.9000125 0.263808 0
-0.8733876 -0.2075566 -0.4405838 0
-0.341776 -0.3832726 0.8580738 0
0.2428459 1.340812 0.0673277 1

0.2835146 0.8871406 -0.3641436 0
0.5629309 0.1534531 0.8121337 0
0.7763558 -0.4352397 -0.4558927 0
-0.3401301 1.057196 -0.002316067 1

-0.2475611 0.672444 -0.6975185 0
0.5448534 -0.4986804 -0.6741312 0
-0.8011545 -0.546934 -0.2429295 0
0.3358097 1.099667 -0.003355905 1

0.2419851 0.8877218 -0.391654 0
0.4671581 0.2471909 0.8489169 0
0.8504153 -0.3883898 -0.3548901 0
-0.3507384 0.939069 0.07116001 1

-0.7372707 0.109482 -0.6666673 0
0.6748912 0.164458 -0.7193575 0
0.03088212 -0.9802894 -0.1951387 0
-0.3306815 1.02424 0.02543242 1

0.1281715 0.9844685 -0.1199719 0
0.5387417 0.03245093 0.8418457 0
0.8326641 -0.1725348 -0.526215 0
-0.3727228 0.9390252 0.04899027 1

0.01417943 0.9915703 0.1287938 0
0.4914579 -0.1190852 0.8627208 0
0.8707857 0.05106362 -0.4890035 0
-0.3894003 0.9433323 0.02508225 1

-0.1157609 0.9552396 0.2722435 0
0.3940139 -0.2074372 0.8953895 0
0.9117852 0.2109189 -0.3523643 0
-0.4018995 0.9519477 0.0005408252 1

-0.1875093 0.6719869 -0.7164308 0
0.4454842 -0.5918656 -0.6717439 0
-0.875434 -0.445117 -0.1883792 0
0.3419833 1.021628 0.1121315 1

0.7309443 -0.198493 -0.6529329 0
0.6787183 0.1116908 0.7258557 0
-0.07115082 -0.9737175 0.21636 0
0.3252313 1.081443 0.03539183 1

-0.06940332 0.8597239 -0.5060209 0
0.5264211 -0.3993091 -0.7506219 0
-0.8473867 -0.318476 -0.4248632 0
0.3636552 1.011482 0.09207654 1

0.04669286 0.9580896 -0.2826371 0
0.485615 -0.2690323 -0.8317448 0
-0.8729249 -0.09841634 -0.4778244 0
0.3802017 1.004837 0.06861705 1

0.1751337 0.9747486 -0.1385386 0
0.391686 -0.1980799 -0.8985246 0
-0.9032778 0.1030981 -0.4164855 0
0.3927622 1.002053 0.04278639 1

-0.04457445 0.9679941 -0.2469824 0
0.3691698 0.2456893 0.8962982 0
0.9282923 -0.05122645 -0.3683056 0
-0.3606064 0.902868 0.08713151 1

-0.6685925 0.4476364 -0.5938059 0
0.6922238 0.6663818 -0.2770582 0
0.2716801 -0.5962859 -0.7554026 0
-0.2903072 1.018245 0.0619402 1

-0.1791868 0.9807805 0.07720902 0
0.5272433 0.02947581 0.8492029 0
0.8306059 0.1928736 -0.5223915 0
-0.3781904 0.8970296 0.05410802 1

-0.2580529 0.9209533 0.2919823 0
0.4778385 -0.1410033 0.867057 0
0.8396897 0.363267 -0.4036802 0
-0.3899686 0.9035926 0.01992044 1

-0.4119199 0.8050842 0.4268034 0
0.3830968 -0.271972 0.8827615 0
0.826776 0.5271342 -0.1963942 0
-0.3982692 0.9219919 -0.007996701 1

0.1144478 0.7873008 -0.6058533 0
0.347554 -0.603053 -0.7180071 0
-0.9306497 -0.1283926 -0.3426473 0
0.3496301 0.9942244 0.1413475 1

0.6744051 0.1483855 -0.7232978 0
0.6733825 -0.5254372 0.5200689 0
-0.3028771 -0.8377934 -0.454278 0
0.2852032 1.092313 0.07114763 1

0.2475823 0.9166512 -0.3137722 0
0.5150458 -0.3988255 -0.7587268 0
-0.8206285 0.02623976 -0.5708591 0
0.3666156 0.9748078 0.1136624 1

0.3253271 0.9407648 -0.0955194 0
0.4734254 -0.249488 -0.8447628 0
-0.818554 0.2296028 -0.5265467 0
0.3783303 0.966439 0.07994459 1

0.4716375 0.8788571 0.07188859 0
0.3854278 -0.1321396 -0.9132274 0
-0.7930976 0.4584202 -0.4010572 0
0.3872701 0.9714856 0.04713096 1

-0.2915527 0.9450665 -0.1478041 0
0.2902584 0.2346387 0.9277365 0
0.9114532 0.2275828 -0.3427227 0
-0.359023 0.8684826 0.09590492 1

-0.3703203 0.8305569 -0.4159781 0
0.9215992 0.3845597 -0.05261847 0
0.1162657 -0.4028512 -0.9078507 0
-0.260185 0.9980775 0.08869313 1

-0.4289947 0.8774415 0.2146153 0
0.5146961 0.0421905 0.8563339 0
0.7423285 0.4778241 -0.4697151 0
-0.3715322 0.8605856 0.05123914 1

-0.4686352 0.7956885 0.3837456 0
0.4723289 -0.1414007 0.870006 0
0.7465162 0.5889696 -0.3095611 0
-0.3809597 0.8714414 0.009727193 1

-0.6164899 0.6162714 0.4900503 0
0.3992967 -0.2917163 0.869174 0
0.6786029 0.7315128 -0.06623477 0
-0.387017 0.8999999 -0.01965547 1

0.3690434 0.7870103 -0.49439 0
0.2694271 -0.5996881 -0.7535146 0
-0.8895035 0.1448771 -0.4333522 0
0.3455644 0.9662575 0.1628688 1

0.3886919 0.5853089 -0.7115699 0
0.9104235 -0.3626712 0.1989952 0
-0.1415924 -0.7251781 -0.6738464 0
0.2548193 1.085628 0.1037345 1

0.4982038 0.85634 -0.1359205 0
0.5014061 -0.412432 -0.7605866 0
-0.707379 0.3107754 -0.6348488 0
0.3574158 0.9407467 0.1253216 1

0.5357887 0.8430126 0.04754737 0
0.4679402 -0.2495897 -0.8477837 0
-0.7028249 0.4764823 -0.5282061 0
0.366973 0.9335961 0.08327933 1

0.6699652 0.7112894 0.2126361 0
0.4038144 -0.1088083 -0.908347 0
-0.6229612 0.6944264 -0.3601261 0
0.3743864 0.9474782 0.04516716 1

0.03100643 -0.9787269 -0.2028115 0
0.9988792 0.02308197 0.04132259 0
-0.03576226 -0.2038656 0.9783456 0
-0.00160345 0.7218866 0.03173269 1

0.02377948 -0.8526291 -0.5219757 0
0.990857 -0.04925883 0.1256026 0
-0.1328044 -0.5201901 0.8436621 0
-0.00716782 0.8975281 0.06812906 1

0.001742604 0.7515905 -0.659628 0
0.9960316 -0.05969849 -0.0653901 0
-0.08852788 -0.6569155 -0.7487337 0
-0.07933783 0.7822306 0.04645105 1

-0.3600281 0.9303135 0.0699783 0
0.9321989 0.3616429 -0.0117657 0
-0.03625396 0.06099961 -0.9974681 0
0.071785 0.7857227 0.05270285 1

-0.003189154 -0.8934245 -0.4492027 0
0.9858149 -0.07818865 0.1485113 0
-0.1678061 -0.4423572 0.8810003 0
-0.01073544 1.025448 0.146441 1

0.02994427 0.8594735 0.5102827 0
0.9978499 0.003719463 -0.06481344 0
-0.05760313 0.5111575 -0.8575536 0
-0.08015098 0.4315023 0.3542653 1

0.3177055 -0.443036 0.8383105 0
0.9384762 0.2728952 -0.2114527 0
-0.1351106 0.8539538 0.5024952 0
0.2397915 0.3515936 0.02004759 1

0.01506023 -0.754539 -0.6560827 0
0.9724657 -0.1415597 0.1851257 0
-0.2325593 -0.6408059 0.7316312 0
-0.01028221 1.152412 0.2102772 1

0.03267945 0.5610999 -0.8271019 0
0.9950215 -0.09586482 -0.02571477 0
-0.09372078 -0.8221723 -0.5614522 0
-0.09129391 0.1116668 0.164374 1

-0.004832595 0.220456 0.9753743 0
0.9950941 0.09707072 -0.01701525 0
-0.09845618 0.9705495 -0.2198485 0
0.121564 0.5164604 -0.2919124 1

0.003534712 -0.8122482 -0.5833015 0
0.9930152 -0.06594052 0.09783971 0
-0.1179333 -0.5795731 0.8063417 0
-0.01341092 1.309165 0.3465764 1

0.8827486 -0.1612047 0.4413254 0
0.4379898 0.6223119 -0.6487625 0
-0.1700585 0.7659903 0.6199511 0
-0.01341092 1.309165 0.3465764 1

-0.9637949 -0.05574029 0.2607538 0
0.2157885 -0.7375022 0.639942 0
0.1566359 0.6730406 0.7228288 0
-0.01341092 1.309165 0.3465764 1

-0.02347742 0.09248138 -0.9954323 0
-0.9994255 -0.02483606 0.02126266 0
-0.02275174 0.9954001 0.09300376 0
-0.09680396 0.01705816 0.3038342 1

-0.02181922 0.565852 0.8242082 0
-0.9773442 -0.1855174 0.1015072 0
0.2103611 -0.8033584 0.5570952 0
0.1223788 0.4792888 -0.456373 1

-0.02003425 -0.9778758 -0.208225 0
0.9997861 -0.01851724 -0.009232678 0
0.005172682 -0.2083654 0.9780374 0
-0.01365078 1.364286 0.3861603 1

0.3600383 -0.1497191 0.9208456 0
-0.7949837 0.4673122 0.3868077 0
-0.4882348 -0.8713229 0.04922575 0
-0.1545324 1.283533 0.2288633 1

-0.4666253 -0.3673389 0.8045638 0
-0.7686731 -0.2815365 -0.5743507 0
0.4374954 -0.8864533 -0.1509916 0
0.1422939 1.271569 0.2529215 1

-0.001130441 0.39665 -0.9179691 0
0.999786 -0.01851767 -0.009232583 0
-0.02066071 -0.9177829 -0.3965441 0
-0.01365078 1.364286 0.3861603 1

0.3824139 0.9212028 0.0717294 0
-0.8450722 0.317304 0.4303149 0
0.3736475 -0.2251748 0.8998245 0
-0.2415066 1.319701 0.006414939 1

-0.3090972 0.9113865 0.2717239 0
-0.8705081 -0.1560746 -0.4667506 0
-0.3829809 -0.3808091 0.8416115 0
0.2550166 1.360307 0.05856284 1

0.2554955 0.8417554 -0.4755733 0
0.5524681 0.2765625 0.786316 0
0.793411 -0.4636393 -0.3943826 0
-0.3439686 1.072878 -0.01280384 1

-0.2018898 0.6652493 -0.7188072 0
0.5398076 -0.5368036 -0.648421 0
-0.81722 -0.5189272 -0.2507317 0
0.3378348 1.116114 -0.01424169 1

0.1451041 0.8723043 -0.4669371 0
0.4572836 0.3593787 0.8134736 0
0.8774033 -0.3315609 -0.3467429 0
-0.351014 0.9649625 0.07534317 1

-0.7287741 0.03429566 -0.6838949 0
0.6835601 0.09539364 -0.7236338 0
0.04042155 -0.9948489 -0.09296384 0
-0.3335774 1.044136 0.01899676 1

0.03924902 0.9762721 -0.21296 0
0.5344398 0.1595686 0.8300075 0
0.8442947 -0.1463914 -0.5154957 0
-0.3728492 0.9612931 0.05333032 1

-0.07174238 0.9971736 0.02231785 0
0.4914411 0.01586859 0.8707662 0
0.8679506 0.07343892 -0.4911904 0
-0.3895176 0.9618929 0.02903856 1

-0.1956215 0.9680374 0.1569587 0
0.3961589 -0.06840501 0.9156303 0
0.897101 0.2412977 -0.3701149 0
-0.4021525 0.9668238 0.003567248 1

-0.05656825 0.7081428 -0.7037994 0
0.4424197 -0.6141592 -0.6535089 0
-0.8950226 -0.3483428 -0.2785545 0
0.3378869 1.040671 0.1031202 1

0.730791 -0.2038057 -0.6514662 0
0.6769674 0.09402062 0.7299836 0
-0.08752366 -0.9744866 0.2066789 0
0.3255519 1.099276 0.02462996 1

0.04684195 0.8699043 -0.4909909 0
0.5300789 -0.4382609 -0.7259092 0
-0.8466537 -0.2262613 -0.4816469 0
0.3595991 1.029159 0.0838623 1

0.1547568 0.9491689 -0.274097 0
0.4953997 -0.3145936 -0.8096975 0
-0.8547686 -0.01048154 -0.5189034 0
0.3764229 1.021275 0.06099101 1

0.2729927 0.9519699 -0.1386681 0
0.4051779 -0.2445123 -0.8809341 0
-0.8725285 0.1843031 -0.452467 0
0.3894856 1.017356 0.03555977 1

-0.1812119 0.9352738 -0.3040152 0
0.3611361 0.3508205 0.8640059 0
0.9147365 0.04677725 -0.4013336 0
-0.356931 0.9293902 0.09438473 1

-0.655754 0.3984318 -0.641279 0
0.702259 0.6337345 -0.324366 0
0.2771626 -0.6630483 -0.6953763 0
-0.2936683 1.042258 0.05644795 1

-0.2959391 0.955183 0.006743386 0
0.5232831 0.1562122 0.8377187 0
0.7991211 0.2514424 -0.5460602 0
-0.3745235 0.9196472 0.0624148 1

-0.370166 0.9046387 0.2112018 0
0.4803429 -0.008208972 0.8770423 0
0.79514 0.4261009 -0.4314979 0
-0.3866423 0.9219286 0.02814409 1

-0.5068334 0.7919361 0.3405244 0
0.3933283 -0.1390564 0.9088213 0
0.7670805 0.5945591 -0.2410122 0
-0.3960178 0.9364668 -0.001354981 1

0.286671 0.7902734 -0.5415603 0
0.3487967 -0.6125845 -0.7092825 0
-0.8922784 0.01443612 -0.4512548 0
0.3401938 1.011793 0.1318212 1

0.6717995 0.1689327 -0.7212125 0
0.6760183 -0.5378312 0.503723 0
-0.3027956 -0.8259539 -0.4755163 0
0.2855323 1.110437 0.06030541 1

0.3891663 0.8862132 -0.251348 0
0.5193638 -0.4364449 -0.7346954 0
-0.7607963 0.1553774 -0.6301166 0
0.3576007 0.9920505 0.104807 1

0.4566371 0.8885094 -0.04510592 0
0.4867882 -0.2919728 -0.8232795 0
-0.7446611 0.3539829 -0.5658413 0
0.3702207 0.9832345 0.07197622 1

0.5787621 0.8082516 0.1084623 0
0.4095483 -0.1730637 -0.8957226 0
-0.7051985 0.5628308 -0.4311807 0
0.3809248 0.987503 0.03990842 1

-0.4534816 0.8734521 -0.177302 0
0.2850174 0.3306071 0.8997024 0
0.8444639 0.3574645 -0.3988731 0
-0.350494 0.8961672 0.105184 1

-0.3442424 0.8051153 -0.4829973 0
0.9311851 0.3585093 -0.0660712 0
0.1199639 -0.4725047 -0.8731257 0
-0.2641246 1.024308 0.0853397 1

-0.5555645 0.8132184 0.1732738 0
0.5087401 0.1676282 0.8444431 0
0.6576713 0.5572938 -0.5068448 0
-0.363527 0.8841544 0.06216421 1

-0.5917362 0.7363631 0.3280522 0
0.475058 -0.01024248 0.8798948 0
0.651282 0.6765097 -0.343754 0
-0.3737196 0.8903471 0.02077097 1

-0.7097808 0.5587606 0.4289492 0
0.4145533 -0.1609911 0.8956715 0
0.5695228 0.813553 -0.1173672 0
-0.3821728 0.9148338 -0.01065689 1

0.5616025 0.7366953 -0.3766733 0
0.2761902 -0.5960458 -0.7539557 0
-0.77995 0.3193897 -0.5382086 0
0.3300103 0.9837202 0.1510585 1

0.3710091 0.6225262 -0.6890669 0
0.9187554 -0.3539889 0.1748726 0
-0.1350594 -0.6979636 -0.7032827 0
0.2552657 1.102826 0.09279843 1

0.6406603 0.7672979 -0.02843359 0
0.5036187 -0.4478763 -0.7387662 0
-0.5795886 0.4589778 -0.6733617 0
0.3431399 0.9591203 0.1141465 1

0.6698189 0.7302572 0.1344142 0
0.4819116 -0.2898246 -0.8268996 0
-0.5648928 0.6186488 -0.5460492 0
0.3542791 0.9522159 0.07355104 1

0.7652225 0.581365 0.2764943 0
0.4341112 -0.1488439 -0.8884781 0
-0.4753757 0.7999126 -0.3662754 0
0.3651148 0.9654242 0.03694553 1

0.03344189 -0.9840906 -0.1744924 0
0.9988535 0.02692528 0.03958112 0
-0.03425317 -0.175616 0.9838628 0
-0.002618527 0.7514088 0.0137039 1

0.02916651 -0.8688878 -0.4941494 0
0.9904072 -0.04167924 0.1317441 0
-0.1350666 -0.4932516 0.859337 0
-0.008619961 0.9280127 0.04501815 1

0.003671366 0.7770242 -0.62946 0
0.9960133 -0.05865807 -0.06659994 0
-0.0886752 -0.6267244 -0.7741645 0
-0.08050058 0.8119456 0.02675558 1

-0.3613483 0.9301617 -0.06501373 0
0.9322417 0.3591396 -0.04316215 0
-0.01679921 -0.07620737 -0.9969392 0
0.07061837 0.8160191 0.0327439 1

0.004636392 -0.9025282 -0.4306063 0
0.9850626 -0.07000149 0.1573257 0
-0.1721339 -0.4249035 0.8887222 0
-0.0129958 1.058372 0.1191553 1

0.02442937 0.9074036 0.4195279 0
0.9978387 0.003198455 -0.06501387 0
-0.06033589 0.4202373 -0.9054036 0
-0.08221379 0.4493486 0.320492 1

0.315688 -0.3739062 0.8720769 0
0.938867 0.2558811 -0.2301627 0
-0.1371092 0.8914644 0.4318388 0
0.2392409 0.3819609 0.06308244 1

0.02696102 -0.765395 -0.6429962 0
0.9708992 -0.1330725 0.1991138 0
-0.2379657 -0.6296527 0.7395335 0
-0.01365466 1.18663 0.1803488 1

0.03240576 0.5610997 -0.8271123 0
0.9950162 -0.09583566 -0.02602399 0
-0.09387115 -0.8221763 -0.5614216 0
-0.09130447 0.1116769 0.1643732 1

-0.01009057 0.2221823 0.9749416 0
0.9962314 0.08580387 -0.009245815 0
-0.08573359 0.9712169 -0.2222181 0
0.1217643 0.5211024 -0.261443 1

0.02185696 -0.8101248 -0.5858504 0
0.9925894 -0.05247861 0.1095999 0
-0.1195342 -0.5839043 0.8029739 0
-0.01925572 1.345639 0.3139293 1

0.9067096 -0.1065324 0.4080786 0
0.3841517 0.6079816 -0.6948276 0
-0.1740826 0.7867714 0.5921878 0
-0.01925572 1.345639 0.3139293 1

-0.9776471 -0.01865792 0.2094225 0
0.1591335 -0.71665 0.6790354 0
0.1374132 0.6971835 0.7036001 0
-0.01925572 1.345639 0.3139293 1

-0.02378965 0.09247908 -0.9954244 0
-0.9994181 -0.02486543 0.02157341 0
-0.0227521 0.9953999 0.09300941 0
-0.09676836 0.0170683 0.3038352 1

-0.01360469 0.5282529 0.8489667 0
-0.9799075 -0.1758397 0.09372152 0
0.1988112 -0.8306739 0.5200474 0
0.1234657 0.4836397 -0.4258307 1

0.001118397 -0.9727022 -0.2320544 0
0.9999993 0.001184314 -0.000144978 0
0.0004159144 -0.2320538 0.9727029 0
-0.02073896 1.400615 0.3536861 1

0.3881997 -0.1415795 0.9106349 0
-0.7930902 0.4519436 0.4083564 0
-0.4693706 -0.8807394 0.06315883 0
-0.1641568 1.309175 0.2039167 1

-0.4991705 -0.3415818 0.7963355 0
-0.7516401 -0.2865593 -0.5940712 0
0.4311213 -0.8951008 -0.113705 0
0.1400772 1.300022 0.2304973 1

-0.0006276995 0.4188584 -0.9080513 0
0.9999993 0.001183946 -0.0001450776 0
0.001014366 -0.9080509 -0.4188591 0
-0.02073896 1.400615 0.3536861 1

0.3318173 0.9433365 -0.003634183 0
-0.8553343 0.3024833 0.420603 0
0.3978694 -0.1364545 0.9072373 0
-0.2579339 1.343377 -0.01606497 1

-0.2924258 0.9350427 0.2004557 0
-0.8538533 -0.1609124 -0.4950165 0
-0.4306058 -0.3159152 0.8454441 0
0.2606617 1.382538 0.03812638 1

0.2265663 0.7666613 -0.6007475 0
0.5396626 0.4146449 0.7326895 0
0.8108217 -0.490204 -0.3197941 0
-0.3468395 1.090624 -0.01509121 1

-0.1626283 0.6415948 -0.7496049 0
0.5512025 -0.5710435 -0.6083463 0
-0.818369 -0.5121186 -0.260781 0
0.3390131 1.132006 -0.01558287 1

0.02727613 0.8325598 -0.5532631 0
0.4477622 0.4846641 0.7514052 0
0.8937362 -0.2682258 -0.3595689 0
-0.3502789 0.9974675 0.0887135 1

-0.717957 -0.05352719 -0.6940259 0
0.6945425 0.0112967 -0.7193627 0
0.04634565 -0.9985024 0.02906584 0
-0.3355221 1.067543 0.02074951 1

-0.06512821 0.9448851 -0.320857 0
0.5283961 0.305417 0.7921603 0
0.8464959 -0.1179479 -0.5191652 0
-0.371898 0.9896513 0.06758698 1

-0.1706042 0.9799649 -0.1027765 0
0.4889543 0.1747548 0.854625 0
0.855463 0.09554961 -0.5089719 0
-0.3885 0.9858835 0.04353564 1

-0.2862259 0.95793 0.02108895 0
0.3955413 0.09808263 0.9131957 0
0.8727092 0.269722 -0.4069747 0
-0.4012231 0.9863545 0.01763887 1

0.08605291 0.7283626 -0.6797664 0
0.4612682 -0.6338924 -0.6208159 0
-0.883078 -0.2601319 -0.3905189 0
0.3333657 1.06103 0.1044003 1

0.7402837 -0.1932264 -0.6439285 0
0.6677476 0.1001134 0.7376255 0
-0.07806289 -0.9760334 0.2031382 0
0.3250206 1.116878 0.02341364 1

0.1624842 0.867443 -0.4702564 0
0.5492193 -0.475446 -0.6872478 0
-0.81973 -0.1466073 -0.5536689 0
0.3555029 1.048388 0.08637439 1

